target intercept intra p.intercept p.intra
M01 -0.0266168712114485 1.01347363614483 NA 0.115265621141525 0
M02 -0.0229997204133535 1.02239588907635 NA 0.159473374122461 0
M03 -0.421659984740337 1.03129009182991 NA 0.00137781303465101 0
M04 -0.0799441683114576 1.02827146634839 NA 0.0249823444412774 0
M05 -0.000720720104419708 0.991164753277674 NA 0.834404637747313 0
M06 -0.035113529145556 1.06542008826264 NA 0.00668273137450142 0
M07 -0.127613216168042 1.03196579433552 NA 0.00706808936630245 0
M08 -0.00691902223145621 1.00361756148181 NA 0.4908953932095 3.84468046142692e-311
M09 -0.0492653792476502 1.01945022570023 NA 0.0214126256983235 0
