target intra.RMSE intra.R2 multi.RMSE multi.R2 p.RMSE p.R2
M01 0.556093539780414 95.7133886727641 0.556093539780414 95.7133886727641 0.5 0.5
M02 0.509453855870599 82.6109114868847 0.509453855870599 82.6109114868847 0.5 0.5
M03 4.57906571158128 95.0428362378402 4.57906571158128 95.0428362378402 0.5 0.5
M04 1.06425777366492 90.2716189341848 1.06425777366492 90.2716189341848 0.5 0.5
M05 0.104402053695961 88.0344429679916 0.104402053695961 88.0344429679916 0.5 0.5
M06 0.397349222703443 70.075835592867 0.397349222703443 70.075835592867 0.5 0.5
M07 1.54174111426776 94.2874314843267 1.54174111426776 94.2874314843267 0.5 0.5
M08 0.332240081807822 57.7742870572685 0.332240081807822 57.7742870572685 0.5 0.5
M09 0.672063548001892 96.1618355145622 0.672063548001892 96.1618355145622 0.5 0.5
