target intercept intra p.intercept p.intra
M01 -0.0341577044472808 1.01498044065168 NA 0.013089786060919 0
M02 -0.0144939106981449 1.01468017201481 NA 0.116550243401973 0
M03 -0.165673680594864 1.01171368811401 NA 0.000924006057794224 0
M04 -0.0150813446626239 1.02371540807259 NA 0.0368911004902879 0
M05 -0.00103041061239865 0.993910926501592 NA 0.797621685299726 0
M06 -0.0150534688138462 1.06950218804819 NA 0.000451317297575079 0
M07 -0.0284171263527912 1.01053435926261 NA 0.0606028496925616 0
M08 -0.00209307460286605 0.999408485058372 NA 0.621849493164758 1.29948321004808e-245
M09 -0.0111870863315642 1.00421017590087 NA 0.411475703327747 0
