target intra.RMSE intra.R2 multi.RMSE multi.R2 p.RMSE p.R2
M01 0.470743204460257 97.8234379676231 0.470743204460257 97.8234379676231 0.5 0.5
M02 0.278856967865728 86.0891401238058 0.278856967865728 86.0891401238058 0.5 0.5
M03 1.69510658514996 98.7808050832073 1.69510658514996 98.7808050832073 0.5 0.5
M04 0.193275090269875 81.1962221918351 0.193275090269875 81.1962221918351 0.5 0.5
M05 0.132700968085804 90.0079284540963 0.132700968085804 90.0079284540963 0.5 0.5
M06 0.135580269327757 70.5090364526505 0.135580269327757 70.5090364526505 0.5 0.5
M07 0.504409382219788 97.7257362157134 0.504409382219788 97.7257362157134 0.5 0.5
M08 0.13148044956831 42.2606182231019 0.13148044956831 42.2606182231019 0.5 0.5
M09 0.432835577960655 97.2679183926376 0.432835577960655 97.2679183926376 0.5 0.5
