target intercept intra p.intercept p.intra
M01 -0.100421884249146 1.01135493589789 NA 0.000278404995165432 0
M02 -0.024144884734278 1.0422774800371 NA 0.00365052551619911 0
M03 -0.411200267450482 1.0163939560844 NA 0.00406408629396574 0
M04 -0.017891611006421 1.05593460375418 NA 4.84353459526411e-09 0
M05 -0.000814779225295753 0.995769084119138 NA 0.69171397761494 0
M06 -0.0142290470351967 1.05154540390566 NA 2.16005340926686e-08 0
M07 -0.0130393679941349 1.00403523106623 NA 0.168593236945996 0
M08 0.0144125275990961 0.780839761707019 NA 3.64777608318031e-07 2.01324582000521e-116
M09 -0.0328167265871825 1.01195230768468 NA 0.00116378999654003 0
