target intra.RMSE intra.R2 multi.RMSE multi.R2 p.RMSE p.R2
M01 1.4338540755281 98.6462290311646 1.4338540755281 98.6462290311646 0.5 0.5
M02 0.301160582080959 53.2644837629257 0.301160582080959 53.2644837629257 0.5 0.5
M03 7.6078555491278 94.4055618415916 7.6078555491278 94.4055618415916 0.5 0.5
M04 0.106105880977522 73.6668892566989 0.106105880977522 73.6668892566989 0.5 0.5
M05 0.103555463891932 88.5574461197087 0.103555463891932 88.5574461197087 0.5 0.5
M06 0.124892075109682 83.9664175266628 0.124892075109682 83.9664175266628 0.5 0.5
M07 0.466904795755615 96.0355190541732 0.466904795755615 96.0355190541732 0.5 0.5
M08 0.0790626321941016 11.1234587299909 0.0790626321941016 11.1234587299909 0.5 0.5
M09 0.488706956658947 96.6126740525912 0.488706956658947 96.6126740525912 0.5 0.5
