target intercept intra p.intercept p.intra
M01 -0.110228252347509 1.11516890391264 NA 4.62101735910923e-09 0
M02 -0.0198668922304791 1.04591359785055 NA 0.00402975822192798 0
M03 -1.35937603485595 1.07272017880941 NA 1.15214975212101e-07 0
M04 -0.0348439552810869 1.09712973320016 NA 4.89747548061417e-05 0
M05 -0.00227899516556122 0.996192881978654 NA 0.429700214122591 0
M06 -0.0137664605280724 1.05878722468327 NA 0.00655074331729143 0
M07 -0.167424373596286 1.07151424806505 NA 1.85958643717645e-09 0
M08 -0.0321902463380416 1.05331133986845 NA 0.0279973043299534 1.29393182192278e-234
M09 -0.139228176316977 1.09976415217423 NA 4.21620130543669e-08 0
