target intra.RMSE intra.R2 multi.RMSE multi.R2 p.RMSE p.R2
M01 0.750168700762375 71.3371785715521 0.750168700762375 71.3371785715521 0.5 0.5
M02 0.253274775186673 75.0591101580161 0.253274775186673 75.0591101580161 0.5 0.5
M03 11.1934156359868 89.8862935388725 11.1934156359868 89.8862935388725 0.5 0.5
M04 0.267566054916358 51.3878635864113 0.267566054916358 51.3878635864113 0.5 0.5
M05 0.100227922294967 53.7601587269726 0.100227922294967 53.7601587269726 0.5 0.5
M06 0.181908947964276 46.7263321020988 0.181908947964276 46.7263321020988 0.5 0.5
M07 1.0833353108201 88.7260825990328 1.0833353108201 88.7260825990328 0.5 0.5
M08 0.523972096161596 33.0542370971574 0.523972096161596 33.0542370971574 0.5 0.5
M09 0.710379509866398 64.8330893258114 0.710379509866398 64.8330893258114 0.5 0.5
