target intercept intra p.intercept p.intra
M01 -0.182432554538913 1.04707466906865 NA 4.91432813748284e-30 0
M02 -0.0306946739208141 1.01952939308282 NA 4.63672732417245e-05 0
M03 -0.242373824803442 1.03873114672076 NA 1.09313242827631e-11 0
M04 -0.108504408887418 1.04071168164685 NA 6.65634023215195e-20 0
M05 -0.0121361992093602 1.03529592723792 NA 2.29798433857595e-16 0
M06 -0.0801916828634472 1.06287961422274 NA 3.96942259863866e-19 0
M07 -0.173545133728472 1.03633904704216 NA 1.60571490888949e-10 0
M08 -0.36981120696334 1.15350052272414 NA 3.11477731237543e-38 0
M09 -0.232235804683693 1.04365242948936 NA 2.00882925027398e-29 0
