target intra.RMSE intra.R2 multi.RMSE multi.R2 p.RMSE p.R2
M01 1.10406224099057 93.5634564233711 1.10406224099057 93.5634564233711 0.5 0.5
M02 0.542479420062034 87.0549749405419 0.542479420062034 87.0549749405419 0.5 0.5
M03 3.07493724887909 93.6326769491282 3.07493724887909 93.6326769491282 0.5 0.5
M04 0.826139164773874 90.1630186651711 0.826139164773874 90.1630186651711 0.5 0.5
M05 0.0952111808645165 91.7519964424315 0.0952111808645165 91.7519964424315 0.5 0.5
M06 0.659152097480167 82.5811935930675 0.659152097480167 82.5811935930675 0.5 0.5
M07 1.94659569158383 87.0058675165701 1.94659569158383 87.0058675165701 0.5 0.5
M08 2.18771459734499 72.1033906158111 2.18771459734499 72.1033906158111 0.5 0.5
M09 1.4572430394067 94.2544604041487 1.4572430394067 94.2544604041487 0.5 0.5
