target intercept intra p.intercept p.intra
M01 -0.0648751007804183 1.09423612842586 NA 1.90168822240547e-06 0
M02 -0.008607147223182 1.00467672067644 NA 0.396691042211347 0
M03 -2.23798449452838 1.08553907759137 NA 1.53031840290415e-05 0
M04 -0.0381337286898054 1.05558459115891 NA 0.00101877124916949 0
M05 0.0131310285764144 0.829245566192102 NA 0.0111764342407582 5.14457392333667e-79
M06 -0.0299948168853619 1.04181577447509 NA 0.00023477010045547 0
M07 -0.079534805818311 1.07043750078086 NA 6.07113357624437e-05 0
M08 -0.0238251404934566 1.06439026714339 NA 0.050491023435036 7.54049809706089e-147
M09 -0.0942144420768771 1.06595088819448 NA 1.09176809029592e-05 0
