target intra.RMSE intra.R2 multi.RMSE multi.R2 p.RMSE p.R2
M01 0.528935091985376 83.0168183939154 0.528935091985376 83.0168183939154 0.5 0.5
M02 0.279082505471553 53.6876812246152 0.279082505471553 53.6876812246152 0.5 0.5
M03 21.3194133188312 89.9776021312306 21.3194133188312 89.9776021312306 0.5 0.5
M04 0.326365822101955 71.8586268001856 0.326365822101955 71.8586268001856 0.5 0.5
M05 0.128261364150144 16.4636978488019 0.128261364150144 16.4636978488019 0.5 0.5
M06 0.319480340196331 89.0420545015632 0.319480340196331 89.0420545015632 0.5 0.5
M07 0.655556672345152 78.6675795212692 0.655556672345152 78.6675795212692 0.5 0.5
M08 0.373970189589454 26.1800538053766 0.373970189589454 26.1800538053766 0.5 0.5
M09 0.72629846791957 83.0755628290163 0.72629846791957 83.0755628290163 0.5 0.5
