target intercept intra p.intercept p.intra
M01 -0.135167559098039 1.07077653665305 NA 5.54065313211109e-08 0
M02 -0.0307977904213252 1.00841073212712 NA 0.184530175482278 0
M03 -0.121801898238266 1.23684888135364 NA 3.83895953724254e-28 0
M04 -0.115311029531654 1.03142526930659 NA 3.42462111704156e-06 0
M05 -0.00111747769532743 0.995960566323329 NA 0.815615141184451 0
M06 -0.188844453733223 1.05902737081001 NA 3.22353787661965e-06 0
M07 -0.113905251537229 1.03599259708171 NA 3.75583354200071e-06 0
M08 -0.180570679929135 1.04772846776807 NA 0.000131573815598352 0
M09 -0.411612998251751 1.08865438469276 NA 9.93526204659194e-46 0
