target intra.RMSE intra.R2 multi.RMSE multi.R2 p.RMSE p.R2
M01 1.09948455447919 73.8200117274337 1.09948455447919 73.8200117274337 0.5 0.5
M02 0.71519359865608 70.3641994228059 0.71519359865608 70.3641994228059 0.5 0.5
M03 0.606600229593546 63.972287303307 0.606600229593546 63.972287303307 0.5 0.5
M04 1.04095854815922 85.2954125753258 1.04095854815922 85.2954125753258 0.5 0.5
M05 0.134183319902463 65.5556080805499 0.134183319902463 65.5556080805499 0.5 0.5
M06 2.49942296066347 84.6522768773283 2.49942296066347 84.6522768773283 0.5 0.5
M07 0.64004809876545 79.4695879918132 0.64004809876545 79.4695879918132 0.5 0.5
M08 2.0287371970345 65.1723536891296 2.0287371970345 65.1723536891296 0.5 0.5
M09 1.0688631727159 90.1954216301729 1.0688631727159 90.1954216301729 0.5 0.5
