target intercept intra p.intercept p.intra
M01 -0.0168381379411176 1.02103444745253 NA 0.00620023269838523 0
M02 -0.0478428309241432 1.03107420190764 NA 9.8574705078636e-05 0
M03 -0.403175767535557 1.03868557398217 NA 1.15108033427874e-09 0
M04 -0.0277453322083053 1.01310401997273 NA 0.0018973179256662 0
M05 0.00218716469500349 0.975038734721324 NA 0.389449733515402 0
M06 -0.0570961668076517 1.03024567724579 NA 0.000436774339929628 0
M07 -0.0156548256326966 1.00736772278462 NA 0.116691286973944 0
M08 -0.00834611511410016 1.02470956269356 NA 0.00980278910070961 0
M09 -0.0635268592560431 1.03094475324907 NA 3.57034450297105e-06 0
