target intra.RMSE intra.R2 multi.RMSE multi.R2 p.RMSE p.R2
M01 0.190681326022844 76.9466813285995 0.190681326022844 76.9466813285995 0.5 0.5
M02 0.576937261262215 84.1267474962575 0.576937261262215 84.1267474962575 0.5 0.5
M03 2.89306268457494 89.5220467144673 2.89306268457494 89.5220467144673 0.5 0.5
M04 0.464378570494337 94.1891255754098 0.464378570494337 94.1891255754098 0.5 0.5
M05 0.103979918846483 68.6279521912593 0.103979918846483 68.6279521912593 0.5 0.5
M06 0.832635752910962 79.3695158391841 0.832635752910962 79.3695158391841 0.5 0.5
M07 0.368115653184316 86.3838324306782 0.368115653184316 86.3838324306782 0.5 0.5
M08 0.178450382440573 67.1962915880981 0.178450382440573 67.1962915880981 0.5 0.5
M09 0.489594773111939 85.1711844836034 0.489594773111939 85.1711844836034 0.5 0.5
