target intercept intra p.intercept p.intra
M01 -0.0765065091083874 1.01058634305813 NA 0.00331895789718545 0
M02 -0.0103634327669204 1.01147897868912 NA 0.139627985418851 0
M03 -0.15548885500682 1.01137487597267 NA 0.000511442952424645 0
M04 0.000383913353965336 0.988069846881969 NA 0.912069845773748 0
M05 -0.00236687974709047 0.999175867485771 NA 0.609617492424948 0
M06 -0.0110066032691186 1.05400473137491 NA 5.84572994746994e-06 0
M07 -0.308092759454531 1.06562398701891 NA 1.10192932198096e-06 0
M08 -0.0192857625008718 1.14308007942268 NA 1.87136291677157e-09 0
M09 -0.0300915118789148 1.00831786639868 NA 0.0386858167581853 0
