target intra.RMSE intra.R2 multi.RMSE multi.R2 p.RMSE p.R2
M01 0.966555399535692 97.8706751272449 0.966555399535692 97.8706751272449 0.5 0.5
M02 0.206771093140178 80.8049014234834 0.206771093140178 80.8049014234834 0.5 0.5
M03 1.66426947697653 98.8713439902007 1.66426947697653 98.8713439902007 0.5 0.5
M04 0.0872596469412735 57.9551012638957 0.0872596469412735 57.9551012638957 0.5 0.5
M05 0.168592995747511 91.2351423769927 0.168592995747511 91.2351423769927 0.5 0.5
M06 0.0830999740196808 76.325101582183 0.0830999740196808 76.325101582183 0.5 0.5
M07 2.39216945492365 81.9284957988133 2.39216945492365 81.9284957988133 0.5 0.5
M08 0.129960487009222 56.9763674079266 0.129960487009222 56.9763674079266 0.5 0.5
M09 0.521299148705571 97.9079298712988 0.521299148705571 97.9079298712988 0.5 0.5
