target intercept intra p.intercept p.intra
M01 -0.0152120334102709 1.00594275086573 NA 0.0209559849627969 0
M02 -0.0105249055089877 1.00557885316942 NA 0.0229521973264526 0
M03 -0.152863681788508 1.00725308062593 NA 0.00107044047017881 0
M04 -0.031104407490373 1.02843551103984 NA 3.98590225624648e-07 0
M05 -0.00483037754424127 1.00402210181129 NA 0.0112756652381643 0
M06 -0.0402286479685786 1.05008485185504 NA 2.07932257460691e-12 0
M07 -0.0293053591946103 1.00533515257418 NA 0.0057368396666942 0
M08 0.00563710197225992 0.94187890695602 NA 0.319616368971893 0
M09 -0.194762000090117 1.04836610900537 NA 1.36432179978728e-25 0
