target intra.RMSE intra.R2 multi.RMSE multi.R2 p.RMSE p.R2
M01 0.520858187044831 96.9223671780883 0.520858187044831 96.9223671780883 0.5 0.5
M02 0.289520799415696 78.2062630874012 0.289520799415696 78.2062630874012 0.5 0.5
M03 4.15276293569961 98.7365528291217 4.15276293569961 98.7365528291217 0.5 0.5
M04 0.310775033800575 75.8549896449474 0.310775033800575 75.8549896449474 0.5 0.5
M05 0.163189776940555 97.6994895829938 0.163189776940555 97.6994895829938 0.5 0.5
M06 0.455090064235131 75.3609406866156 0.455090064235131 75.3609406866156 0.5 0.5
M07 0.848795343218523 96.7366326668509 0.848795343218523 96.7366326668509 0.5 0.5
M08 0.329337775170196 23.2947037582265 0.329337775170196 23.2947037582265 0.5 0.5
M09 1.12009505601344 87.6753731896886 1.12009505601344 87.6753731896886 0.5 0.5
