target intercept intra p.intercept p.intra
M01 -0.0449293537954631 1.00760756534927 NA 0.0515672752930002 0
M02 -0.020621751989671 1.01835982754007 NA 0.0134070640199122 0
M03 -0.120746050220279 1.00853847786984 NA 0.0148507365146608 0
M04 -0.0160865670922071 1.05353349702321 NA 4.3754288035893e-05 0
M05 -0.00854806245430652 1.00516355145839 NA 0.0810497301190151 0
M06 -0.024178800060992 1.11774648283775 NA 1.32055345642435e-10 0
M07 -0.0576747141744539 1.01181901275112 NA 0.00728583140283048 0
M08 -0.00311025635349883 0.983588892657571 NA 0.37478424125587 3.01700581920438e-257
M09 -0.0352901833091732 1.01534777896482 NA 0.00718910383583077 0
