target intra.RMSE intra.R2 multi.RMSE multi.R2 p.RMSE p.R2
M01 1.08443106290688 98.4078328762258 1.08443106290688 98.4078328762258 0.5 0.5
M02 0.346459446961301 87.8131309525284 0.346459446961301 87.8131309525284 0.5 0.5
M03 2.33295998607349 99.0064514674332 2.33295998607349 99.0064514674332 0.5 0.5
M04 0.11129498386609 63.3276513963773 0.11129498386609 63.3276513963773 0.5 0.5
M05 0.232447235320349 97.5993863514725 0.232447235320349 97.5993863514725 0.5 0.5
M06 0.159790466917418 63.6876936464623 0.159790466917418 63.6876936464623 0.5 0.5
M07 0.969366608832287 97.2601397401076 0.969366608832287 97.2601397401076 0.5 0.5
M08 0.133967064861425 27.4920983843043 0.133967064861425 27.4920983843043 0.5 0.5
M09 0.520513498815224 93.1726150997655 0.520513498815224 93.1726150997655 0.5 0.5
