target intercept intra p.intercept p.intra
M01 -0.101716754339853 1.04915063223756 NA 0.00340758005637963 0
M02 -0.120844538765439 1.03616838491599 NA 0.00914997635201279 0
M03 -0.387928139285477 1.04170503344025 NA 0.000512360679488383 0
M04 -0.162451984489889 1.04570909197892 NA 0.184545498994868 5.05496347608965e-131
M05 0.0017168070640421 0.981987720256043 NA 0.879806676648719 2.73990622659386e-107
M06 -0.655025023455276 1.14578138845916 NA 3.30114968662681e-07 1.14344816360395e-216
M07 -0.119497592171057 1.0279244139432 NA 0.0121980105461266 0
M08 -0.0524457690433284 1.14573137930251 NA 0.000946289199112105 1.54510613359604e-113
M09 -0.106608055651513 1.04061961881316 NA 0.04805572958442 2.89173916599319e-256
