target intra.RMSE intra.R2 multi.RMSE multi.R2 p.RMSE p.R2
M01 0.352175650561171 84.5012675036619 0.352175650561171 84.5012675036619 0.5 0.5
M02 0.562327126926024 87.3022827112438 0.562327126926024 87.3022827112438 0.5 0.5
M03 1.91301314049709 93.1810350598163 1.91301314049709 93.1810350598163 0.5 0.5
M04 0.611441368186022 52.7829008208261 0.611441368186022 52.7829008208261 0.5 0.5
M05 0.139490468068974 43.7087326484984 0.139490468068974 43.7087326484984 0.5 0.5
M06 1.74809761927219 68.9322385215726 1.74809761927219 68.9322385215726 0.5 0.5
M07 0.599312224191672 91.6881077169731 0.599312224191672 91.6881077169731 0.5 0.5
M08 0.158355366093471 43.2616662772316 0.158355366093471 43.2616662772316 0.5 0.5
M09 0.453666897367727 77.9692225891934 0.453666897367727 77.9692225891934 0.5 0.5
