target intercept intra p.intercept p.intra
M01 -0.133217051707754 1.16096119339894 NA 2.00544716153886e-11 0
M02 -0.0475515220243883 1.0643679145765 NA 0.00146817136541274 0
M03 -1.03678645404001 1.06130307140888 NA 1.53994519060637e-06 0
M04 -0.0513305696401082 1.02090723912355 NA 0.0376105229087453 0
M05 0.0016446423811077 0.970473686301923 NA 0.72451032584272 4.80954568905217e-297
M06 -0.0338705912632766 1.04203165769373 NA 0.0216496917155788 4.33646173511639e-263
M07 -0.0702425891364195 1.03810791691626 NA 0.000233391973993296 0
M08 -0.0122636406554154 1.0221611432726 NA 0.154548318888772 0
M09 -0.149838044093578 1.09475739103411 NA 1.96966938543055e-11 0
