target intra.RMSE intra.R2 multi.RMSE multi.R2 p.RMSE p.R2
M01 0.60342006346144 61.6412289791311 0.60342006346144 61.6412289791311 0.5 0.5
M02 0.406893475342796 58.8024345711515 0.406893475342796 58.8024345711515 0.5 0.5
M03 7.43474131796588 84.886518149365 7.43474131796588 84.886518149365 0.5 0.5
M04 0.660541131555033 79.3250321999932 0.660541131555033 79.3250321999932 0.5 0.5
M05 0.12222886053389 44.2110777735532 0.12222886053389 44.2110777735532 0.5 0.5
M06 0.381768165885858 40.3820911514316 0.381768165885858 40.3820911514316 0.5 0.5
M07 0.534069764942821 84.6261585107081 0.534069764942821 84.6261585107081 0.5 0.5
M08 0.257041070232716 47.7227355214129 0.257041070232716 47.7227355214129 0.5 0.5
M09 0.570450905417475 78.3777024993204 0.570450905417475 78.3777024993204 0.5 0.5
