target intercept intra p.intercept p.intra
M01 -0.13569392732732 1.05262675419393 NA 3.62485636161907e-28 0
M02 -0.028321832350345 1.00543040600769 NA 0.00545523004511596 0
M03 -0.125118368492204 1.00998732984948 NA 4.88617469517982e-05 0
M04 -0.0545732375695299 1.03226362458494 NA 3.91300594358759e-11 0
M05 -0.00521106719123524 1.00845619318046 NA 8.40506262437035e-05 0
M06 -0.0227134459488859 1.01360653047689 NA 0.000116774766084883 0
M07 -0.113197083322808 1.01871645135537 NA 5.18720027154295e-07 0
M08 -0.186894760118649 1.07299487796158 NA 2.53056546871118e-25 0
M09 -0.12309365151249 1.03487837161855 NA 6.04145808546883e-19 0
