target intra.RMSE intra.R2 multi.RMSE multi.R2 p.RMSE p.R2
M01 0.927688690340301 87.2242064464083 0.927688690340301 87.2242064464083 0.5 0.5
M02 0.851902703002661 93.3289026088932 0.851902703002661 93.3289026088932 0.5 0.5
M03 2.92945474981534 96.6509160390271 2.92945474981534 96.6509160390271 0.5 0.5
M04 0.549941246339379 79.6962376754312 0.549941246339379 79.6962376754312 0.5 0.5
M05 0.115395169533737 96.9462612537821 0.115395169533737 96.9462612537821 0.5 0.5
M06 0.493984073193181 88.7917372494285 0.493984073193181 88.7917372494285 0.5 0.5
M07 1.86604333731676 91.0268275934548 1.86604333731676 91.0268275934548 0.5 0.5
M08 1.63010715307226 82.2080718277404 1.63010715307226 82.2080718277404 0.5 0.5
M09 1.05000504503873 90.8389825962748 1.05000504503873 90.8389825962748 0.5 0.5
