target intercept intra p.intercept p.intra
M01 -0.0391019783582454 1.02202472384856 NA 0.0443625128889989 0
M02 -0.049452901643452 1.01783202725026 NA 0.014705837007571 0
M03 -0.611582138735618 1.03771200152423 NA 4.44605063535026e-05 0
M04 -0.0899522622503036 1.02511288874092 NA 0.0291923843504688 0
M05 0.00273101828821085 0.934278609196111 NA 0.211292050464704 0
M06 -0.0133044094065025 1.01525813308378 NA 0.193684027186324 0
M07 -0.0357932417693947 1.02390282596644 NA 0.027939823434561 0
M08 -0.00447616197845309 0.962560394734707 NA 0.724311120081031 1.7850769270426e-181
M09 -0.161273766798027 1.14715772559874 NA 8.36704643292317e-14 0
