target intra.RMSE intra.R2 multi.RMSE multi.R2 p.RMSE p.R2
M01 0.723223533784569 91.6269580272975 0.723223533784569 91.6269580272975 0.5 0.5
M02 0.805203362998703 92.6873325384689 0.805203362998703 92.6873325384689 0.5 0.5
M03 6.04868087253369 92.9823236679391 6.04868087253369 92.9823236679391 0.5 0.5
M04 1.33296871990146 71.7947704868371 1.33296871990146 71.7947704868371 0.5 0.5
M05 0.0752001951761913 48.5392814323473 0.0752001951761913 48.5392814323473 0.5 0.5
M06 0.406536083758868 81.1896588548367 0.406536083758868 81.1896588548367 0.5 0.5
M07 0.523721278084154 81.1487666774911 0.523721278084154 81.1487666774911 0.5 0.5
M08 0.435558140003321 26.339069776719 0.435558140003321 26.339069776719 0.5 0.5
M09 0.601412534202167 64.3408725109049 0.601412534202167 64.3408725109049 0.5 0.5
