target intercept intra p.intercept p.intra
M01 -0.236612900283842 1.04277223020629 NA 7.1228114935077e-07 0
M02 -0.0334286956331913 1.04780984372516 NA 1.01445104542317e-05 0
M03 -0.601763128110284 1.04624500002082 NA 1.78294649200318e-09 0
M04 -0.0264165969786627 1.05797802577848 NA 0.000115776829551127 0
M05 -0.00743667721733102 1.03112436875397 NA 0.000327471017173836 0
M06 -0.0148870376342592 1.06491785812731 NA 2.92085102515289e-05 0
M07 -0.449285078487355 1.08121403708129 NA 8.73259570802064e-12 0
M08 -0.00763901147059463 1.05137423600239 NA 0.0159595987467489 0
M09 -0.225647709518494 1.07024010259203 NA 1.46865651854664e-10 0
