target intra.RMSE intra.R2 multi.RMSE multi.R2 p.RMSE p.R2
M01 1.96493136100217 94.3296607094389 1.96493136100217 94.3296607094389 0.5 0.5
M02 0.278985864572245 86.8936819854779 0.278985864572245 86.8936819854779 0.5 0.5
M03 4.26170669185242 96.3193733337908 4.26170669185242 96.3193733337908 0.5 0.5
M04 0.207829205797149 69.5943042952346 0.207829205797149 69.5943042952346 0.5 0.5
M05 0.0762581483237966 90.9319046541146 0.0762581483237966 90.9319046541146 0.5 0.5
M06 0.134557520765568 78.9885958311716 0.134557520765568 78.9885958311716 0.5 0.5
M07 2.53341340806933 86.8742883313028 2.53341340806933 86.8742883313028 0.5 0.5
M08 0.100498828222392 45.5100269384915 0.100498828222392 45.5100269384915 0.5 0.5
M09 1.14292432972614 85.9500376209356 1.14292432972614 85.9500376209356 0.5 0.5
