target intercept intra p.intercept p.intra
M01 -0.00275223300260527 0.996717232379568 NA 0.783943282894658 0
M02 -0.00672696067094675 1.00310039109122 NA 0.477475334061809 0
M03 -0.091820482971944 1.01308382549879 NA 0.011008017901855 0
M04 -0.0211705902694011 1.00880680349102 NA 0.109846093193628 0
M05 -0.0010451996768705 0.992514212347304 NA 0.765026304245292 0
M06 -0.0103401378539829 1.0124996289357 NA 0.196947998852015 0
M07 -0.0198261849104892 1.00681137573954 NA 0.150137628313549 0
M08 -0.0236317605590073 1.14768181327208 NA 4.81961346246664e-06 0
M09 -0.0326116468043667 1.01546324422634 NA 0.0387139429431094 0
