target intra.RMSE intra.R2 multi.RMSE multi.R2 p.RMSE p.R2
M01 0.320904332772158 86.4943646183643 0.320904332772158 86.4943646183643 0.5 0.5
M02 0.313897161961678 93.7527795641787 0.313897161961678 93.7527795641787 0.5 0.5
M03 1.23899332153415 96.2111196929413 1.23899332153415 96.2111196929413 0.5 0.5
M04 0.420939379737087 93.4039493649544 0.420939379737087 93.4039493649544 0.5 0.5
M05 0.110081475622688 86.0526267332728 0.110081475622688 86.0526267332728 0.5 0.5
M06 0.282848691087877 86.4319812268493 0.282848691087877 86.4319812268493 0.5 0.5
M07 0.44314100941282 95.5745772328634 0.44314100941282 95.5745772328634 0.5 0.5
M08 0.214315959190567 61.357637229327 0.214315959190567 61.357637229327 0.5 0.5
M09 0.43669320309377 92.4100745701845 0.43669320309377 92.4100745701845 0.5 0.5
