target intercept intra p.intercept p.intra
M01 -0.0431546673237529 1.01219289560264 NA 0.0785067428344034 0
M02 -0.00502762787804929 0.996615877334266 NA 0.772344162915846 0
M03 -0.421289055668542 1.02253873784285 NA 0.00274871709618159 0
M04 -0.0311653724477574 1.00793412841206 NA 0.239648037601352 0
M05 -0.00300244026718732 1.0054529723641 NA 0.196862646726063 0
M06 -0.0765415593201711 1.05454390838942 NA 0.000760848113005884 0
M07 -0.0498029104259586 1.01182417546926 NA 0.0284282445202621 0
M08 0.00653088561222822 0.916172680870004 NA 0.211099966173331 6.19547524848946e-234
M09 -0.050262129472064 1.01298991788904 NA 0.00961074386249221 0
