target intra.RMSE intra.R2 multi.RMSE multi.R2 p.RMSE p.R2
M01 1.21527066352438 96.761275998742 1.21527066352438 96.761275998742 0.5 0.5
M02 0.834672982688465 70.196166998518 0.834672982688465 70.196166998518 0.5 0.5
M03 7.34451898174657 96.546660168929 7.34451898174657 96.546660168929 0.5 0.5
M04 1.27727053248957 90.8971743452887 1.27727053248957 90.8971743452887 0.5 0.5
M05 0.11516012578333 94.8567680749671 0.11516012578333 94.8567680749671 0.5 0.5
M06 1.14566188565154 83.2459476267823 1.14566188565154 83.2459476267823 0.5 0.5
M07 1.11112653385253 97.1875634251646 1.11112653385253 97.1875634251646 0.5 0.5
M08 0.248294007141454 27.7077726495959 0.248294007141454 27.7077726495959 0.5 0.5
M09 0.944548666700097 97.783447564654 0.944548666700097 97.783447564654 0.5 0.5
