target intercept intra p.intercept p.intra
M01 -0.250229187045395 1.14991130755902 NA 1.13662631795383e-31 0
M02 -0.0268976733011584 1.05601614909796 NA 0.000974418714072626 0
M03 -0.834146395842394 1.10511279990891 NA 3.94235005650319e-33 0
M04 -0.0139989693271225 1.05276609968029 NA 0.00619891922572734 0
M05 0.00634117470014758 0.939539652418593 NA 0.0710320768174914 6.94804517746545e-319
M06 -0.0176020744599739 1.07942272337312 NA 5.19536327595218e-07 0
M07 -0.118923342055759 1.09265334840922 NA 4.37473378529301e-09 0
M08 -0.0179016188702197 1.06222487536244 NA 8.9553563540313e-05 0
M09 -0.0916656976694051 1.05808018287388 NA 1.42851040394249e-06 0
