target intra.RMSE intra.R2 multi.RMSE multi.R2 p.RMSE p.R2
M01 0.547293337421953 74.9166327411173 0.547293337421953 74.9166327411173 0.5 0.5
M02 0.391382777585861 74.8889426361956 0.391382777585861 74.8889426361956 0.5 0.5
M03 0.874421909681462 83.3249008882294 0.874421909681462 83.3249008882294 0.5 0.5
M04 0.227791742551141 66.9692460214428 0.227791742551141 66.9692460214428 0.5 0.5
M05 0.0811653391513538 35.0239550095591 0.0811653391513538 35.0239550095591 0.5 0.5
M06 0.165567098302354 78.2772696884149 0.165567098302354 78.2772696884149 0.5 0.5
M07 0.384434239377707 60.6428473128666 0.384434239377707 60.6428473128666 0.5 0.5
M08 0.136445510100202 59.1618375192005 0.136445510100202 59.1618375192005 0.5 0.5
M09 0.395880296404722 70.8101708938621 0.395880296404722 70.8101708938621 0.5 0.5
