target intercept intra p.intercept p.intra
M01 -0.0380736300567287 1.04059504134351 NA 0.00324400708445643 0
M02 -0.010823401020408 1.00203447195891 NA 0.444346725981342 0
M03 -0.589801063678619 1.04138124212743 NA 7.4626464798285e-05 0
M04 -0.0453790481545597 1.03368572169778 NA 0.000334545837371712 0
M05 0.0260727854439926 0.816316884143573 NA 8.87896465883712e-05 8.19816737836188e-79
M06 -0.0311355706147378 1.04808242928368 NA 0.000287760631136516 0
M07 -0.0536685829090682 1.0448989018524 NA 0.0104525999696943 0
M08 -0.00984981287424434 1.00208044784585 NA 0.28997629827154 0
M09 -0.0860170841506185 1.04867934237813 NA 1.65726392705879e-07 0
