target intra.RMSE intra.R2 multi.RMSE multi.R2 p.RMSE p.R2
M01 0.363071450170992 65.8941399645283 0.363071450170992 65.8941399645283 0.5 0.5
M02 0.421893031284598 69.4664578941385 0.421893031284598 69.4664578941385 0.5 0.5
M03 3.95501452594013 79.4941457930234 3.95501452594013 79.4941457930234 0.5 0.5
M04 0.401334117762571 83.8878997650992 0.401334117762571 83.8878997650992 0.5 0.5
M05 0.0726083185372872 11.6379983965414 0.0726083185372872 11.6379983965414 0.5 0.5
M06 0.272528604055555 72.3831400641928 0.272528604055555 72.3831400641928 0.5 0.5
M07 0.343812879604293 51.5736423463976 0.343812879604293 51.5736423463976 0.5 0.5
M08 0.40375252380998 55.4157612284491 0.40375252380998 55.4157612284491 0.5 0.5
M09 0.513644149566848 87.1438725036511 0.513644149566848 87.1438725036511 0.5 0.5
