target intercept intra p.intercept p.intra
M01 -0.0576665965481627 1.03809016989867 NA 1.16994269333822e-07 0
M02 -0.0319703667526635 1.01419459298535 NA 0.00153498520195648 0
M03 -0.0986982896820322 1.02956798088989 NA 1.66560698338632e-08 0
M04 -0.0644895998757037 1.02410144232934 NA 1.25186470990982e-06 0
M05 -0.00366796429404802 1.00101124086486 NA 0.179611122259933 0
M06 -0.142063256675112 1.04446222137759 NA 1.89691493259922e-10 0
M07 -0.0841974287133269 1.01931121770097 NA 2.49961032492739e-06 0
M08 -0.095083939517859 1.06082137992449 NA 1.39299653014588e-10 0
M09 -0.068824370052099 1.01826278656668 NA 2.77160303047453e-05 0
