target intra.RMSE intra.R2 multi.RMSE multi.R2 p.RMSE p.R2
M01 0.565229032851092 81.1498775762015 0.565229032851092 81.1498775762015 0.5 0.5
M02 0.528751098497335 87.8854383272253 0.528751098497335 87.8854383272253 0.5 0.5
M03 1.15949933272297 90.5200187224153 1.15949933272297 90.5200187224153 0.5 0.5
M04 0.684688627131268 87.5183063878597 0.684688627131268 87.5183063878597 0.5 0.5
M05 0.14088314617433 79.2973738196301 0.14088314617433 79.2973738196301 0.5 0.5
M06 1.36789040810703 83.223781249492 1.36789040810703 83.223781249492 0.5 0.5
M07 0.91538619625691 89.1998377500188 0.91538619625691 89.1998377500188 0.5 0.5
M08 1.01053186507725 75.396265879241 1.01053186507725 75.396265879241 0.5 0.5
M09 0.867108814695955 91.0743624668062 0.867108814695955 91.0743624668062 0.5 0.5
