target intercept intra p.intercept p.intra
M01 -0.00489756676875348 1.00063452931134 NA 0.253453088765481 0
M02 -0.0116935929989709 1.0015506628568 NA 0.070333447524129 0
M03 -0.0333863869592513 1.00114982245825 NA 0.0872503996030323 0
M04 -0.0153006838828318 1.00191070289195 NA 0.0728764078077253 0
M05 -0.00276908413618878 1.00050728284993 NA 0.105324723895709 0
M06 -0.00788644436887569 1.00212064727995 NA 0.0704286828029162 0
M07 -0.0257318515646369 1.00222686259497 NA 0.026559034437086 0
M08 0.0132275029835342 0.850681215416761 NA 1.13996444272811e-05 0
M09 -0.0743736714987501 1.02726799116986 NA 5.48376858638819e-10 0
