target intra.RMSE intra.R2 multi.RMSE multi.R2 p.RMSE p.R2
M01 0.372527649318744 94.7130542229448 0.372527649318744 94.7130542229448 0.5 0.5
M02 0.58048335825537 98.4995413756023 0.58048335825537 98.4995413756023 0.5 0.5
M03 1.7951841582949 99.2702656378236 1.7951841582949 99.2702656378236 0.5 0.5
M04 0.763181408412267 98.6338459937921 0.763181408412267 98.6338459937921 0.5 0.5
M05 0.152964477399358 96.4474066190359 0.152964477399358 96.4474066190359 0.5 0.5
M06 0.304076024215933 73.6153617460238 0.304076024215933 73.6153617460238 0.5 0.5
M07 0.931664782417639 96.4429155599457 0.931664782417639 96.4429155599457 0.5 0.5
M08 0.225938903102154 15.6900113238582 0.225938903102154 15.6900113238582 0.5 0.5
M09 0.715639410561481 81.4898019874066 0.715639410561481 81.4898019874066 0.5 0.5
