target intercept intra p.intercept p.intra
M01 -0.0469436647591982 1.00491708672425 NA 0.177275755607438 0
M02 -0.0148323046522158 1.0093493616935 NA 0.205798628592429 0
M03 -0.0612685038169398 1.00470469836117 NA 0.00426851134121032 0
M04 -0.00859397847553394 1.01434982598637 NA 0.0683284581202765 0
M05 -0.00874422148683039 1.00422630459587 NA 0.100780692447905 0
M06 -0.0494330740975037 1.11073224682592 NA 1.51922996436996e-12 0
M07 -0.0198785695928043 1.00341956442901 NA 0.192095009332771 0
M08 -0.00520157893928299 0.999884332221222 NA 0.601892914956773 0
M09 -0.0185331427417605 1.00237744755906 NA 0.162150260408992 0
