target intra.RMSE intra.R2 multi.RMSE multi.R2 p.RMSE p.R2
M01 2.03311824795142 99.292072204645 2.03311824795142 99.292072204645 0.5 0.5
M02 0.498788450967407 78.558989586799 0.498788450967407 78.558989586799 0.5 0.5
M03 1.25701753105707 99.8433346098435 1.25701753105707 99.8433346098435 0.5 0.5
M04 0.168356513179335 77.6870566856495 0.168356513179335 77.6870566856495 0.5 0.5
M05 0.314857202244894 99.5420385074388 0.314857202244894 99.5420385074388 0.5 0.5
M06 0.186667443930503 56.4137682363154 0.186667443930503 56.4137682363154 0.5 0.5
M07 0.874715580363997 99.4944267365221 0.874715580363997 99.4944267365221 0.5 0.5
M08 0.590577477406626 98.7104959932554 0.590577477406626 98.7104959932554 0.5 0.5
M09 0.774071487819997 99.755741724004 0.774071487819997 99.755741724004 0.5 0.5
