target intercept intra p.intercept p.intra
M01 -0.0199196991271417 1.00747958966409 NA 0.00929279517830593 0
M02 -0.00901771832001698 1.00234663672805 NA 0.124485530016926 0
M03 -0.0604507106483918 1.00446567086981 NA 0.00265005192065521 0
M04 -0.00849248547917712 1.00258672630341 NA 0.297537587556392 0
M05 -0.00156258536347048 0.997768014648489 NA 0.539294748406095 0
M06 -0.0120895528379936 1.02072865589104 NA 0.000214122195047934 0
M07 -0.0225888898052227 1.00469165380098 NA 0.0106655459767108 0
M08 -0.0149463509159641 1.04260825421288 NA 7.58848594047878e-11 0
M09 -0.0154373807196927 1.00244902936217 NA 0.0420542080801781 0
