target intra.RMSE intra.R2 multi.RMSE multi.R2 p.RMSE p.R2
M01 0.552125467550099 93.1411658949388 0.552125467550099 93.1411658949388 0.5 0.5
M02 0.412957243830587 95.9538893830795 0.412957243830587 95.9538893830795 0.5 0.5
M03 1.42394835948227 98.1487868302124 1.42394835948227 98.1487868302124 0.5 0.5
M04 0.407477541487884 82.7736900954452 0.407477541487884 82.7736900954452 0.5 0.5
M05 0.181077062800795 92.504388283543 0.181077062800795 92.504388283543 0.5 0.5
M06 0.162323912948101 58.584423399948 0.162323912948101 58.584423399948 0.5 0.5
M07 0.577357433707642 96.8139538207181 0.577357433707642 96.8139538207181 0.5 0.5
M08 0.202293522607652 73.6021309657711 0.202293522607652 73.6021309657711 0.5 0.5
M09 0.512272894030793 97.7479371475855 0.512272894030793 97.7479371475855 0.5 0.5
