target intercept intra p.intercept p.intra
M01 -0.101499842230092 1.09681110625837 NA 1.09279269605174e-13 0
M02 -0.00292176664691602 0.990146715891872 NA 0.746755647261292 0
M03 -0.643469919440312 1.02725722676916 NA 2.88116424924304e-10 0
M04 -0.0468740235141144 1.03819896706799 NA 1.67524248674872e-06 0
M05 -0.00226967443038782 1.00132486152974 NA 0.242381404074276 0
M06 -0.0167027297993733 1.03560309545749 NA 0.000587122159365332 0
M07 -0.0633564746165129 1.02892764898712 NA 2.11418866773003e-08 0
M08 -0.0108670816882844 1.00512275800016 NA 0.143423408301589 1.36693119138901e-288
M09 -0.127613591961286 1.13199314922308 NA 3.53607284365651e-11 0
