target intra.RMSE intra.R2 multi.RMSE multi.R2 p.RMSE p.R2
M01 0.562151836512776 66.5627535364323 0.562151836512776 66.5627535364323 0.5 0.5
M02 0.300581752790817 44.107038351489 0.300581752790817 44.107038351489 0.5 0.5
M03 5.26285830750226 96.3877330169502 5.26285830750226 96.3877330169502 0.5 0.5
M04 0.365643752398456 78.5042762570796 0.365643752398456 78.5042762570796 0.5 0.5
M05 0.0948974749974647 82.7925925138045 0.0948974749974647 82.7925925138045 0.5 0.5
M06 0.196889750187794 70.781698537786 0.196889750187794 70.781698537786 0.5 0.5
M07 0.539349561453253 93.495785443092 0.539349561453253 93.495785443092 0.5 0.5
M08 0.271939711224051 22.4731553864429 0.271939711224051 22.4731553864429 0.5 0.5
M09 0.296176204507031 37.7686939801372 0.296176204507031 37.7686939801372 0.5 0.5
