target intercept intra p.intercept p.intra
M01 0.0384558967333622 0.883996231714786 NA 0.000269483958686858 2.96096069558362e-191
M02 -0.00664936443646406 1.0040595232736 NA 0.43856763266703 0
M03 -0.832269089622417 1.06227958327264 NA 2.01306849005146e-13 0
M04 -0.0671983564360993 1.05883584607688 NA 1.64030062955827e-09 0
M05 0.00443017146015769 0.937223050588462 NA 0.0923282908592214 5.85975377499889e-307
M06 -0.0826068683017966 1.21522947058061 NA 6.02037961498591e-35 0
M07 -0.163142309894427 1.13261206480278 NA 5.47709873221705e-20 0
M08 -0.015442286220765 1.03759814065086 NA 0.00252091822077307 0
M09 -0.0638680598690235 1.04897761633068 NA 8.58848843381171e-06 0
