target intra.RMSE intra.R2 multi.RMSE multi.R2 p.RMSE p.R2
M01 0.126962602511733 16.4880005076111 0.126962602511733 16.4880005076111 0.5 0.5
M02 0.210687930402016 41.527500671778 0.210687930402016 41.527500671778 0.5 0.5
M03 2.70675476095796 77.7951345841168 2.70675476095796 77.7951345841168 0.5 0.5
M04 0.337376818215757 71.6793044764606 0.337376818215757 71.6793044764606 0.5 0.5
M05 0.068657589163537 24.5735077535681 0.068657589163537 24.5735077535681 0.5 0.5
M06 0.292329365425465 58.7839529293794 0.292329365425465 58.7839529293794 0.5 0.5
M07 0.638823308190908 59.1985307158434 0.638823308190908 59.1985307158434 0.5 0.5
M08 0.274536936054309 54.6519877666296 0.274536936054309 54.6519877666296 0.5 0.5
M09 0.300687917462168 65.2119679308672 0.300687917462168 65.2119679308672 0.5 0.5
