target intercept intra p.intercept p.intra
M01 -0.0158354168861973 1.00795820739812 NA 0.174080029332827 0
M02 -0.0234552412363738 1.00833132236233 NA 0.136362613700969 0
M03 -0.00824217104152762 1.02899550642872 NA 0.0698775172247782 0
M04 -0.0417214607440456 1.00690246496631 NA 0.160234968026069 0
M05 -0.00104220183041199 0.989682473045729 NA 0.748396540677696 0
M06 -0.108963654199275 1.00340574360471 NA 0.429686493605515 0
M07 0.00389807227834015 0.99494217471749 NA 0.803982473064787 0
M08 -9.36679500927818e-05 0.991901707697397 NA 0.972537079272531 0
M09 -0.0283072780086684 1.0048271575468 NA 0.185269232652184 0
