target intra.RMSE intra.R2 multi.RMSE multi.R2 p.RMSE p.R2
M01 0.408105745758623 98.4763584307003 0.408105745758623 98.4763584307003 0.5 0.5
M02 0.537675149416634 98.1616132383969 0.537675149416634 98.1616132383969 0.5 0.5
M03 0.170994746773558 70.4405776331884 0.170994746773558 70.4405776331884 0.5 0.5
M04 0.982223724564723 98.1523528132666 0.982223724564723 98.1523528132666 0.5 0.5
M05 0.109126562800877 81.9805213616942 0.109126562800877 81.9805213616942 0.5 0.5
M06 4.69077366667922 98.3075866594301 4.69077366667922 98.3075866594301 0.5 0.5
M07 0.492955004166126 85.6892118752998 0.492955004166126 85.6892118752998 0.5 0.5
M08 0.0882235423841616 78.1786303006832 0.0882235423841616 78.1786303006832 0.5 0.5
M09 0.750975078216152 98.8669621887191 0.750975078216152 98.8669621887191 0.5 0.5
