target intercept intra p.intercept p.intra
M01 -0.0348601746550922 1.02712901127579 NA 6.13941851262945e-09 0
M02 -0.0130253680851685 1.00873818998409 NA 0.0367065377092824 0
M03 -0.753476498129711 1.03435922262778 NA 1.4507388033857e-07 0
M04 -0.0172401621148371 1.0096330193918 NA 0.111674575504437 0
M05 -0.00488239495807792 1.01243733523796 NA 0.000304184939826031 0
M06 -0.0584714662374683 1.02009889239997 NA 0.00536719980802562 0
M07 -0.0441143347534818 1.01637321400044 NA 0.000664539934885835 0
M08 -0.0103095556923477 1.02802131230007 NA 0.203513159399725 0
M09 -0.119953141341199 1.03322456792343 NA 2.15631484345507e-15 0
