target intra.RMSE intra.R2 multi.RMSE multi.R2 p.RMSE p.R2
M01 0.29704811575905 98.1854298491937 0.29704811575905 98.1854298491937 0.5 0.5
M02 0.270305224715583 96.3653324667412 0.270305224715583 96.3653324667412 0.5 0.5
M03 7.32384364822544 96.7523174162836 7.32384364822544 96.7523174162836 0.5 0.5
M04 0.552770283196228 95.4873091193771 0.552770283196228 95.4873091193771 0.5 0.5
M05 0.0568712600620376 97.6987112680708 0.0568712600620376 97.6987112680708 0.5 0.5
M06 1.15528928199983 98.2896082398049 1.15528928199983 98.2896082398049 0.5 0.5
M07 0.601702711210796 97.7457673426247 0.601702711210796 97.7457673426247 0.5 0.5
M08 0.440756653827834 89.3620034203678 0.440756653827834 89.3620034203678 0.5 0.5
M09 0.731255577942435 98.6203248275991 0.731255577942435 98.6203248275991 0.5 0.5
