target intercept intra p.intercept p.intra
M01 -0.0380918294622443 1.01241814495876 NA 0.0287579400149284 0
M02 -0.043491453212533 1.02551486033352 NA 0.000337532995148665 0
M03 -0.18391415995105 1.01776041860719 NA 0.000341243422444797 0
M04 -0.0532775558801512 1.05163499073627 NA 0.00178168599127752 0
M05 0.000547692387257206 0.986206777425739 NA 0.895762051134899 0
M06 -0.0533224927778413 1.13362824074998 NA 1.92644662787972e-11 0
M07 -0.0530608673652582 1.01266928033186 NA 0.0190212937379822 0
M08 -0.126998145891346 1.13012089092057 NA 4.16975186174789e-06 0
M09 -0.0501707366923217 1.01529060833344 NA 0.00919069583635886 0
