target intra.RMSE intra.R2 multi.RMSE multi.R2 p.RMSE p.R2
M01 0.585121270762329 93.3216476064525 0.585121270762329 93.3216476064525 0.5 0.5
M02 0.440586112762456 90.8473543881518 0.440586112762456 90.8473543881518 0.5 0.5
M03 1.91083070115648 94.7915009219469 1.91083070115648 94.7915009219469 0.5 0.5
M04 0.299827222039267 56.7690193273116 0.299827222039267 56.7690193273116 0.5 0.5
M05 0.117293604013508 69.093153326667 0.117293604013508 69.093153326667 0.5 0.5
M06 0.279683094583654 60.1839174228227 0.279683094583654 60.1839174228227 0.5 0.5
M07 0.817006614505233 93.3641555197919 0.817006614505233 93.3641555197919 0.5 0.5
M08 0.998501117456174 38.9666879899779 0.998501117456174 38.9666879899779 0.5 0.5
M09 0.591675152841888 92.8889710075224 0.591675152841888 92.8889710075224 0.5 0.5
