target intercept intra p.intercept p.intra
M01 -0.0193830468655274 1.00396377926275 NA 0.151089701364237 0
M02 -0.0163195793118834 1.01435257870851 NA 0.00429236241581832 0
M03 -0.0820471776683057 1.00260648617187 NA 0.0418400841250508 0
M04 -0.00862046966614663 1.01647813779964 NA 0.015277437083214 0
M05 -0.00343110794324579 1.00111586913438 NA 0.183031772538267 0
M06 -0.0256479322444307 1.1428563666581 NA 1.95183492516517e-10 0
M07 -0.0228692528678355 1.00431304837527 NA 0.0448043166394032 0
M08 -0.0250426150390955 1.06920796060925 NA 1.45713170562825e-05 0
M09 -0.018842597275664 1.00428161081334 NA 0.0243779084488721 0
