target intra.RMSE intra.R2 multi.RMSE multi.R2 p.RMSE p.R2
M01 0.944540252162929 98.1381232611332 0.944540252162929 98.1381232611332 0.5 0.5
M02 0.360746951825095 91.1492951546495 0.360746951825095 91.1492951546495 0.5 0.5
M03 2.79926652782951 99.1473345666905 2.79926652782951 99.1473345666905 0.5 0.5
M04 0.202016991797365 68.0032281882422 0.202016991797365 68.0032281882422 0.5 0.5
M05 0.177984498901335 98.0375965315155 0.177984498901335 98.0375965315155 0.5 0.5
M06 0.267615075354748 50.0658038561327 0.267615075354748 50.0658038561327 0.5 0.5
M07 0.727986713680186 96.0293600691113 0.727986713680186 96.0293600691113 0.5 0.5
M08 0.389419953275964 56.5804893638215 0.389419953275964 56.5804893638215 0.5 0.5
M09 0.529468214964386 98.3742077335844 0.529468214964386 98.3742077335844 0.5 0.5
