target intercept intra p.intercept p.intra
M01 -0.0190276034467224 1.01542475779913 NA 9.01066353044703e-05 0
M02 -0.0164509580214187 1.00696295629021 NA 0.0402646541445986 0
M03 -0.360374909198669 1.03597517458979 NA 1.98168998937556e-06 0
M04 -0.0200804515445141 1.00431030403352 NA 0.0426120794960783 0
M05 -0.00173147560605235 0.999697108267261 NA 0.257080339283459 0
M06 -0.0127459623922771 1.00936563944147 NA 0.0281720661895798 0
M07 -0.0815449587282547 1.02298405485311 NA 7.63493544943285e-05 0
M08 -0.00366725021588276 0.996777385496877 NA 0.159762028896619 0
M09 -0.0434775939390153 1.01387893490376 NA 4.97449630162505e-08 0
