target intra.RMSE intra.R2 multi.RMSE multi.R2 p.RMSE p.R2
M01 0.317294240425895 98.0277482059857 0.317294240425895 98.0277482059857 0.5 0.5
M02 0.520974027942189 96.8752467221433 0.520974027942189 96.8752467221433 0.5 0.5
M03 5.57070052344635 97.4199750708681 5.57070052344635 97.4199750708681 0.5 0.5
M04 0.636389881116055 94.7121206980668 0.636389881116055 94.7121206980668 0.5 0.5
M05 0.0918314451647531 96.5583275193426 0.0918314451647531 96.5583275193426 0.5 0.5
M06 0.369915817813058 91.8675848912795 0.369915817813058 91.8675848912795 0.5 0.5
M07 1.32903276861794 94.2300648390772 1.32903276861794 94.2300648390772 0.5 0.5
M08 0.166239002321986 82.8753097674995 0.166239002321986 82.8753097674995 0.5 0.5
M09 0.482941853804895 98.898127298924 0.482941853804895 98.898127298924 0.5 0.5
