target intercept intra p.intercept p.intra
M01 -0.0297564629668538 1.0122890349932 NA 0.0273529700015566 0
M02 -0.0125123986616531 1.01624495312904 NA 0.0574619726426831 0
M03 -0.174030541249433 1.02125919600808 NA 1.80001483798067e-06 0
M04 -0.0105193224263805 1.01774609654603 NA 0.0601176730139504 0
M05 0.00346372053708079 0.979319007001884 NA 0.389324490696385 0
M06 -0.00986972007077452 1.04628555457991 NA 0.000262208683916987 0
M07 -0.0439305251970964 1.01570250814606 NA 0.0192449446172529 0
M08 -0.000396959317417606 0.99234281250335 NA 0.92575275789528 0
M09 -0.0309560881300468 1.01242566166266 NA 0.0106532856675169 0
