target intra.RMSE intra.R2 multi.RMSE multi.R2 p.RMSE p.R2
M01 0.453339205064095 91.4815749371077 0.453339205064095 91.4815749371077 0.5 0.5
M02 0.239010802338642 87.4518898232495 0.239010802338642 87.4518898232495 0.5 0.5
M03 1.05339846083106 96.0095883958951 1.05339846083106 96.0095883958951 0.5 0.5
M04 0.243193802347225 85.7934400530646 0.243193802347225 85.7934400530646 0.5 0.5
M05 0.114682533962942 70.7278814585582 0.114682533962942 70.7278814585582 0.5 0.5
M06 0.118226456829839 82.2101212386919 0.118226456829839 82.2101212386919 0.5 0.5
M07 0.478925026708719 88.8873690407336 0.478925026708719 88.8873690407336 0.5 0.5
M08 0.143272749361574 74.974608886353 0.143272749361574 74.974608886353 0.5 0.5
M09 0.360460252641255 94.4979057082188 0.360460252641255 94.4979057082188 0.5 0.5
