target intercept intra p.intercept p.intra
M01 -0.0168462317374818 1.00411479626619 NA 0.125301874546581 0
M02 -0.0216545307179322 1.00438344714868 NA 0.0795787288631755 0
M03 -0.0201484621116529 1.00626056046962 NA 0.0497449149502844 0
M04 -0.00998953404111118 1.00126426482889 NA 0.457506827022807 0
M05 -0.00202485991455449 0.998774614854087 NA 0.551989481901304 0
M06 -0.0264144692360937 1.01908444816116 NA 0.00656248576556556 0
M07 -0.0235059848224546 1.00267285681564 NA 0.199672475647213 0
M08 -0.00601023383151481 0.996560178260271 NA 0.265961111577982 0
M09 -0.00762927950283595 1.00032537357183 NA 0.591575474363033 0
