target intra.RMSE intra.R2 multi.RMSE multi.R2 p.RMSE p.R2
M01 0.529997452276435 97.9885168016188 0.529997452276435 97.9885168016188 0.5 0.5
M02 0.5830443437883 98.1995842902375 0.5830443437883 98.1995842902375 0.5 0.5
M03 0.542384299849516 98.0804263791946 0.542384299849516 98.0804263791946 0.5 0.5
M04 0.624548178363433 97.5823286715539 0.624548178363433 97.5823286715539 0.5 0.5
M05 0.173188739859841 93.9659946528408 0.173188739859841 93.9659946528408 0.5 0.5
M06 0.375930469824408 83.9661968798995 0.375930469824408 83.9661968798995 0.5 0.5
M07 0.865976794275275 97.5825350609466 0.865976794275275 97.5825350609466 0.5 0.5
M08 0.251927737970526 39.4519765584796 0.251927737970526 39.4519765584796 0.5 0.5
M09 0.627451741441359 95.9460868892925 0.627451741441359 95.9460868892925 0.5 0.5
