target intercept intra p.intercept p.intra
M01 -0.0109050596575244 1.00303280766135 NA 0.339353948417882 0
M02 -0.0348549989364179 1.00651514022753 NA 0.117077654437311 0
M03 -0.135002956775796 1.00904653266218 NA 0.0383800781554067 0
M04 -0.0256490896162323 1.00378245144706 NA 0.26369212680904 0
M05 -0.004481166788033 1.00212308698224 NA 0.261324164391759 0
M06 -0.0441392353224886 1.03515604307836 NA 0.13119663911168 5.67095783344666e-237
M07 -0.0281732924698884 1.00577320171243 NA 0.217831719804189 0
M08 0.00886393220476119 0.890282155470175 NA 0.158342188174177 3.68415066791849e-109
M09 -0.0986382560099131 1.03533153320385 NA 0.000558469039390778 0
