target intra.RMSE intra.R2 multi.RMSE multi.R2 p.RMSE p.R2
M01 0.404527339655074 91.226614849117 0.404527339655074 91.226614849117 0.5 0.5
M02 0.836647256875223 96.6364909434277 0.836647256875223 96.6364909434277 0.5 0.5
M03 2.59688777606288 97.5604961779361 2.59688777606288 97.5604961779361 0.5 0.5
M04 0.836285161800885 96.1252709547767 0.836285161800885 96.1252709547767 0.5 0.5
M05 0.15299885832849 95.5457350389315 0.15299885832849 95.5457350389315 0.5 0.5
M06 0.555072956992515 36.2219062988167 0.555072956992515 36.2219062988167 0.5 0.5
M07 0.775718427835005 95.0149658967657 0.775718427835005 95.0149658967657 0.5 0.5
M08 0.193718230611209 17.784222789893 0.193718230611209 17.784222789893 0.5 0.5
M09 0.852691589643179 87.051405924961 0.852691589643179 87.051405924961 0.5 0.5
