target intercept intra p.intercept p.intra
M01 -0.0844541198530971 1.0317739990021 NA 2.49777514660979e-06 0
M02 -0.0329992259820976 1.02695715545236 NA 0.0203405200851275 0
M03 -0.105534832905781 1.11562324200584 NA 7.2507236252204e-07 0
M04 -0.10547850663677 1.01949284185476 NA 0.0156788218442244 0
M05 -0.0082477390539257 1.03604101302816 NA 0.00270280204427565 0
M06 -0.00795771448511161 1.01583295081674 NA 0.203752276365716 0
M07 -0.910619550973251 1.05078085957824 NA 2.5309472742955e-12 0
M08 -0.020549874707886 1.05195424838757 NA 0.0133831684033489 0
M09 -0.126359052505321 1.02984442190207 NA 0.000113628082293711 0
