target intra.RMSE intra.R2 multi.RMSE multi.R2 p.RMSE p.R2
M01 0.61685498592521 94.036252980928 0.61685498592521 94.036252980928 0.5 0.5
M02 0.55686404030663 84.3547737698443 0.55686404030663 84.3547737698443 0.5 0.5
M03 1.01269183171702 89.9969635242227 1.01269183171702 89.9969635242227 0.5 0.5
M04 1.76240263584788 91.5248538706174 1.76240263584788 91.5248538706174 0.5 0.5
M05 0.0879421939603003 74.0278527054807 0.0879421939603003 74.0278527054807 0.5 0.5
M06 0.247542001820461 78.3526442086891 0.247542001820461 78.3526442086891 0.5 0.5
M07 4.78626842788888 94.0398987104499 4.78626842788888 94.0398987104499 0.5 0.5
M08 0.358158029139307 64.0685721884705 0.358158029139307 64.0685721884705 0.5 0.5
M09 1.1685790843339 93.686867642105 1.1685790843339 93.686867642105 0.5 0.5
