target intercept intra p.intercept p.intra
M01 -0.0415337975511567 1.03281901583397 NA 3.5284923736449e-07 0
M02 -0.0133603993972004 1.00149048671722 NA 0.286448991128161 0
M03 -0.399969183050055 1.06937021046345 NA 2.71146301371234e-13 0
M04 -0.0652871326354387 1.01500199666437 NA 1.96139538486873e-05 0
M05 -0.00449039544968754 1.00709180375333 NA 0.0142015123881401 0
M06 -0.122736042024915 1.05746462668014 NA 8.97566599037148e-12 0
M07 -0.0567466942803753 1.01491777831016 NA 0.000776332990019001 0
M08 -0.0151524834833332 1.00697519976054 NA 0.0287377355028451 0
M09 -0.0440974757883886 1.01093552157827 NA 1.94556955840358e-05 0
