target intra.RMSE intra.R2 multi.RMSE multi.R2 p.RMSE p.R2
M01 0.537727421383354 91.65204689984 0.537727421383354 91.65204689984 0.5 0.5
M02 0.900986589900281 91.3112533516607 0.900986589900281 91.3112533516607 0.5 0.5
M03 4.4823526996031 92.663848563449 4.4823526996031 92.663848563449 0.5 0.5
M04 1.09089985231573 95.7185105690955 1.09089985231573 95.7185105690955 0.5 0.5
M05 0.117839724306112 90.6615702860899 0.117839724306112 90.6615702860899 0.5 0.5
M06 1.37052311752575 89.6610151505729 1.37052311752575 89.6610151505729 0.5 0.5
M07 1.08109944058572 87.6138059327345 1.08109944058572 87.6138059327345 0.5 0.5
M08 0.523096675626171 67.3879740859116 0.523096675626171 67.3879740859116 0.5 0.5
M09 0.69929187666436 98.1980599323982 0.69929187666436 98.1980599323982 0.5 0.5
