target intercept intra p.intercept p.intra
M01 -0.0400640073845605 1.01059646186398 NA 0.0589813405247173 0
M02 -0.0311794909393554 1.02387457857582 NA 0.020109336719346 0
M03 -0.137882313958823 1.01675447254524 NA 9.79855089727593e-05 0
M04 -0.0588765073575191 1.08570019957728 NA 6.98213892685789e-07 0
M05 -0.00291179320832709 0.999178663379106 NA 0.576183211898968 0
M06 -0.0277927283885357 1.09285332277016 NA 1.9448908946549e-05 0
M07 -0.0375884706287683 1.01112870730819 NA 0.134474820930837 0
M08 -0.00580424596414851 1.00162659531528 NA 0.420781868774922 0
M09 -0.0371288199979929 1.01475472851719 NA 0.0755784587041173 0
