target intra.RMSE intra.R2 multi.RMSE multi.R2 p.RMSE p.R2
M01 0.572043985808275 90.6845511852015 0.572043985808275 90.6845511852015 0.5 0.5
M02 0.340966612176058 85.138001658494 0.340966612176058 85.138001658494 0.5 0.5
M03 1.03123670396754 97.2539910582773 1.03123670396754 97.2539910582773 0.5 0.5
M04 0.228581014482672 62.2998060069591 0.228581014482672 62.2998060069591 0.5 0.5
M05 0.148323139668501 82.7088263799549 0.148323139668501 82.7088263799549 0.5 0.5
M06 0.152990991992987 52.8283484592873 0.152990991992987 52.8283484592873 0.5 0.5
M07 0.723481789506613 91.6248038623179 0.723481789506613 91.6248038623179 0.5 0.5
M08 0.224587429018343 83.8426347979015 0.224587429018343 83.8426347979015 0.5 0.5
M09 0.471995516215655 87.6341897364036 0.471995516215655 87.6341897364036 0.5 0.5
