target intercept intra p.intercept p.intra
M01 -0.23319317693406 1.07870562536774 NA 3.81057234388334e-12 0
M02 -0.0349890733315771 1.00599433932452 NA 0.204819334611329 0
M03 -0.212838999005685 1.15249517858334 NA 4.35457587977973e-12 0
M04 -0.103244313393242 1.01706250172998 NA 0.00473525977120181 0
M05 -0.00576808928971458 0.995938880056202 NA 0.551056424631004 0
M06 -0.539170256860265 1.07075231806523 NA 3.31101322554608e-10 0
M07 -0.0759174592934515 1.02813265199365 NA 0.000662838187493182 0
M08 -0.0184235432458808 1.00972588114199 NA 0.310024984167887 0
M09 -0.286845219320766 1.08698607096154 NA 1.18107820543238e-29 0
