target intra.RMSE intra.R2 multi.RMSE multi.R2 p.RMSE p.R2
M01 1.83272439770474 88.7281444481567 1.83272439770474 88.7281444481567 0.5 0.5
M02 1.20092176712481 66.5706065638476 1.20092176712481 66.5706065638476 0.5 0.5
M03 1.70520364660814 74.1052181026549 1.70520364660814 74.1052181026549 0.5 0.5
M04 1.6654221400546 91.7539415318424 1.6654221400546 91.7539415318424 0.5 0.5
M05 0.472138971021604 80.3773197368805 0.472138971021604 80.3773197368805 0.5 0.5
M06 4.80073190178687 91.3162236615146 4.80073190178687 91.3162236615146 0.5 0.5
M07 0.927323774966069 87.0305406547792 0.927323774966069 87.0305406547792 0.5 0.5
M08 0.93583855634604 51.7268802045495 0.93583855634604 51.7268802045495 0.5 0.5
M09 1.14817970180282 91.8329519392594 1.14817970180282 91.8329519392594 0.5 0.5
