target intercept intra p.intercept p.intra
M01 -0.0846681371413689 1.0162161000059 NA 0.00943900982040187 0
M02 -0.0280057737658011 1.01011158241697 NA 0.12410653470914 0
M03 -0.378536843695229 1.05243719790341 NA 8.57391558261294e-08 0
M04 -0.0596840087430427 1.02087214837534 NA 0.0299432794860782 0
M05 -0.00469323571090301 1.00284563139347 NA 0.274741508125207 0
M06 -0.0210549812720976 1.01499711531225 NA 0.076297210948228 0
M07 -0.163065075404565 1.04842129421886 NA 0.000488367806245142 0
M08 -0.00482088619350826 1.00957344494023 NA 0.264257731517196 0
M09 -0.0408251803017851 1.00998019013907 NA 0.137280495049019 0
