target intra.RMSE intra.R2 multi.RMSE multi.R2 p.RMSE p.R2
M01 1.21895605760772 97.083069181315 1.21895605760772 97.083069181315 0.5 0.5
M02 0.694246344509038 97.0578940010689 0.694246344509038 97.0578940010689 0.5 0.5
M03 2.66946650925282 95.0705916573888 2.66946650925282 95.0705916573888 0.5 0.5
M04 1.07193996294276 95.8545566831421 1.07193996294276 95.8545566831421 0.5 0.5
M05 0.159004356026934 94.0821612652143 0.159004356026934 94.0821612652143 0.5 0.5
M06 0.454476118166982 92.1516612877909 0.454476118166982 92.1516612877909 0.5 0.5
M07 1.68406137193466 87.5204594529132 1.68406137193466 87.5204594529132 0.5 0.5
M08 0.157051454052751 75.5375197246002 0.157051454052751 75.5375197246002 0.5 0.5
M09 0.932911585993026 92.7292608356384 0.932911585993026 92.7292608356384 0.5 0.5
