target intercept intra p.intercept p.intra
M01 -0.0117513474011399 1.00844397365169 NA 0.0965919210891516 0
M02 -0.0230166061185462 1.02423274110619 NA 0.00683326984570454 0
M03 -0.464327585040021 1.04364165035443 NA 6.95482804497696e-09 0
M04 -0.0129506346774421 1.00871280592378 NA 0.185043986667353 0
M05 0.00110186973515081 0.980127142686626 NA 0.619582498005063 0
M06 -0.0136508834228461 1.03137663600156 NA 0.00257649667625153 0
M07 -0.0132373143403089 1.00968258899718 NA 0.0797247979650093 0
M08 0.00102425613112591 0.964032138822018 NA 0.777749962032181 0
M09 -0.0386917416427807 1.02381753085404 NA 6.28780422640185e-07 0
