target intra.RMSE intra.R2 multi.RMSE multi.R2 p.RMSE p.R2
M01 0.275734061088641 83.7601084381674 0.275734061088641 83.7601084381674 0.5 0.5
M02 0.50467626663723 90.5106818544705 0.50467626663723 90.5106818544705 0.5 0.5
M03 2.25252627957523 80.245863276081 2.25252627957523 80.245863276081 0.5 0.5
M04 0.621566779463409 94.4116932190676 0.621566779463409 94.4116932190676 0.5 0.5
M05 0.0954760684848054 70.2248259728255 0.0954760684848054 70.2248259728255 0.5 0.5
M06 0.271166991102738 83.248690775878 0.271166991102738 83.248690775878 0.5 0.5
M07 0.412791358072704 93.100882021818 0.412791358072704 93.100882021818 0.5 0.5
M08 0.222410253464908 66.551609613105 0.222410253464908 66.551609613105 0.5 0.5
M09 0.388262457286817 94.8542830301071 0.388262457286817 94.8542830301071 0.5 0.5
