target intercept intra p.intercept p.intra
M01 -0.0929833235571274 1.01341186951667 NA 0.00417226340991945 0
M02 -0.0147404642324581 1.03539464598328 NA 0.0229657831904047 0
M03 -0.213384725118594 1.01078589698112 NA 0.000264130943390987 0
M04 -0.0227580494841939 1.05451421271712 NA 4.14138425128544e-05 0
M05 -0.0088048419016875 1.0067293348962 NA 0.0252175851291296 0
M06 -0.00772986486118809 1.02393148926748 NA 0.0621337331639859 0
M07 -0.308969965456965 1.08213682980957 NA 1.10366437882555e-11 0
M08 -0.0372407998599599 1.13410325399325 NA 2.56215961608047e-06 0
M09 -0.0403639922050426 1.01912759518675 NA 0.000450465694425351 0
