target intra.RMSE intra.R2 multi.RMSE multi.R2 p.RMSE p.R2
M01 1.5705408854794 97.7906591772006 1.5705408854794 97.7906591772006 0.5 0.5
M02 0.247988222836975 56.5384225397353 0.247988222836975 56.5384225397353 0.5 0.5
M03 2.78085695554774 98.9757322552427 2.78085695554774 98.9757322552427 0.5 0.5
M04 0.257195542128638 79.3672038548345 0.257195542128638 79.3672038548345 0.5 0.5
M05 0.189257877735882 97.5786563476747 0.189257877735882 97.5786563476747 0.5 0.5
M06 0.165406651059447 43.2086920516304 0.165406651059447 43.2086920516304 0.5 0.5
M07 1.97041809882271 84.2204808268525 1.97041809882271 84.2204808268525 0.5 0.5
M08 0.319864942480398 36.2989126804954 0.319864942480398 36.2989126804954 0.5 0.5
M09 0.444975792269007 94.8953752143987 0.444975792269007 94.8953752143987 0.5 0.5
