target intercept intra p.intercept p.intra
M01 -0.03548233199869 1.02052909370692 NA 0.0134647703849256 0
M02 -0.0566963200391938 1.02029841815993 NA 0.00398006455556449 0
M03 -0.245218508415417 1.01955650459744 NA 0.00234784352716688 0
M04 0.056424270000639 0.982128130322258 NA 0.294419025524313 0
M05 0.00595545463125533 0.974696727721698 NA 0.373095212519975 0
M06 -0.0388036797563876 1.05318795198782 NA 0.00507315210840023 0
M07 0.00311793755805563 0.998713151815977 NA 0.931542430972943 0
M08 0.0831819117021273 0.617142547185533 NA 8.28852361280119e-08 2.61170319010182e-20
M09 -0.0353306629516507 1.01110276830012 NA 0.159732199059777 0
