target intra.RMSE intra.R2 multi.RMSE multi.R2 p.RMSE p.R2
M01 0.308601737042013 93.1953164565458 0.308601737042013 93.1953164565458 0.5 0.5
M02 0.399509948460842 95.0306003784547 0.399509948460842 95.0306003784547 0.5 0.5
M03 1.53470462173688 95.0232818435692 1.53470462173688 95.0232818435692 0.5 0.5
M04 0.563958608781825 71.0359369839208 0.563958608781825 71.0359369839208 0.5 0.5
M05 0.130608993768519 72.2871616612195 0.130608993768519 72.2871616612195 0.5 0.5
M06 0.291636680747947 72.0447335329481 0.291636680747947 72.0447335329481 0.5 0.5
M07 0.601095651331895 82.7126545724719 0.601095651331895 82.7126545724719 0.5 0.5
M08 0.136031922598402 5.45383772850214 0.136031922598402 5.45383772850214 0.5 0.5
M09 0.386797193798233 88.4043256505023 0.386797193798233 88.4043256505023 0.5 0.5
