target intercept intra p.intercept p.intra
M01 -0.0169437741032011 1.01792476606679 NA 0.56576042928422 5.63459708903624e-132
M02 -0.0312760823732885 1.02376324913569 NA 0.255821846788378 2.25919726249645e-214
M03 -0.28314859817127 1.05031120883014 NA 0.0494157074142994 2.43704681585542e-250
M04 -0.109058634875035 1.03584178793974 NA 0.0647259630967919 4.79753629302908e-256
M05 -0.0118369310315994 1.02449890162035 NA 0.357180093974416 2.27585862404053e-261
M06 -0.0592038988417337 1.15398914294276 NA 0.00709155766148181 6.43844910859259e-82
M07 -0.062701968896086 1.02894827448019 NA 0.147013289860979 8.06170428979758e-246
M08 -0.0418896652411659 1.00501889115978 NA 0.457721531229413 1.21503765845615e-142
M09 -0.233052538400319 1.10672111009301 NA 0.000675403866241423 1.40255640946186e-160
