target intra.RMSE intra.R2 multi.RMSE multi.R2 p.RMSE p.R2
M01 0.325051611890476 64.5239062322515 0.325051611890476 64.5239062322515 0.5 0.5
M02 0.389930536041067 81.6355144917532 0.389930536041067 81.6355144917532 0.5 0.5
M03 2.71350010444447 86.2720741216898 2.71350010444447 86.2720741216898 0.5 0.5
M04 0.846691033819805 85.9291168610786 0.846691033819805 85.9291168610786 0.5 0.5
M05 0.228465074149855 87.6312535057154 0.228465074149855 87.6312535057154 0.5 0.5
M06 0.297301741698382 37.4458105531425 0.297301741698382 37.4458105531425 0.5 0.5
M07 0.641475070432092 85.3398055676673 0.641475070432092 85.3398055676673 0.5 0.5
M08 0.953301278585932 67.2738380876392 0.953301278585932 67.2738380876392 0.5 0.5
M09 0.749602368358158 71.8333257639196 0.749602368358158 71.8333257639196 0.5 0.5
