target intercept intra p.intercept p.intra
M01 -0.0266075222115169 1.03410736874697 NA 0.212144980228935 2.54599753032999e-197
M02 0.0451892440622797 0.977538762879841 NA 0.612741964674633 4.5173156082375e-119
M03 -0.22708262333561 1.25160476611082 NA 9.46309368733925e-05 6.03862731739468e-77
M04 -0.45460497385461 1.05467637883384 NA 0.00110755122501365 1.57112875377516e-321
M05 0.0577356429476653 0.798848922425005 NA 0.00454491317745319 7.32298348859338e-36
M06 -0.471380344503355 1.07401661819549 NA 0.000400194732488682 6.66622238597353e-268
M07 -0.0184070954017607 1.00861368615191 NA 0.750126908904721 2.57244164241272e-163
M08 0.0458313453473802 0.795245489547905 NA 0.029630597326543 1.33415017363904e-22
M09 -0.0347244531004048 1.0137237704383 NA 0.50788196864301 1.37506602859555e-184
