target intra.RMSE intra.R2 multi.RMSE multi.R2 p.RMSE p.R2
M01 0.190598044055428 65.7760803910388 0.190598044055428 65.7760803910388 0.5 0.5
M02 0.683795768631612 49.3396398511881 0.683795768631612 49.3396398511881 0.5 0.5
M03 0.631329073343153 30.1227421578099 0.631329073343153 30.1227421578099 0.5 0.5
M04 0.961803937755524 82.758153412447 0.961803937755524 82.758153412447 0.5 0.5
M05 0.195288306948407 15.2762376880651 0.195288306948407 15.2762376880651 0.5 0.5
M06 1.29464909664274 76.8467702703002 1.29464909664274 76.8467702703002 0.5 0.5
M07 0.411529282507879 58.621461096167 0.411529282507879 58.621461096167 0.5 0.5
M08 0.22294611310884 18.2845775307348 0.22294611310884 18.2845775307348 0.5 0.5
M09 0.333042684521064 63.7822419025428 0.333042684521064 63.7822419025428 0.5 0.5
