target intercept intra p.intercept p.intra
M01 -0.0571104403148652 1.04030609974036 NA 2.82407964302301e-05 0
M02 -0.075046359698063 1.10206857533311 NA 7.33183596110597e-08 0
M03 -0.691926625650742 1.03803733480488 NA 1.51687217910727e-05 0
M04 -0.0752061169061936 1.05831696567857 NA 5.93372869503394e-10 0
M05 -0.00157980041890701 0.980791039246251 NA 0.586755813983566 0
M06 -0.0834116597008379 1.03926071222198 NA 2.85549265589465e-05 0
M07 -0.0773545655418727 1.03057691415612 NA 7.88503500029014e-06 0
M08 -0.0891699127812992 1.04544887460881 NA 0.00177631607123653 0
M09 -0.162200384697868 1.05988736385752 NA 8.39898396006005e-12 0
