target intra.RMSE intra.R2 multi.RMSE multi.R2 p.RMSE p.R2
M01 0.628602474682489 79.281740439243 0.628602474682489 79.281740439243 0.5 0.5
M02 0.434627417678761 39.2787238157513 0.434627417678761 39.2787238157513 0.5 0.5
M03 10.2002612670992 96.5219836537434 10.2002612670992 96.5219836537434 0.5 0.5
M04 0.453056328734734 72.9894270947472 0.453056328734734 72.9894270947472 0.5 0.5
M05 0.121201446186202 51.4116356404586 0.121201446186202 51.4116356404586 0.5 0.5
M06 1.03596850993463 80.3030937746778 1.03596850993463 80.3030937746778 0.5 0.5
M07 0.935255887550073 91.5883315337061 0.935255887550073 91.5883315337061 0.5 0.5
M08 1.49721004916692 54.6941942896584 1.49721004916692 54.6941942896584 0.5 0.5
M09 1.0119096160428 83.435528164556 1.0119096160428 83.435528164556 0.5 0.5
