target intercept intra p.intercept p.intra
M01 -0.0874523887097276 1.06171699350393 NA 6.61683123317644e-26 0
M02 -0.0297065010906551 1.01863560306577 NA 0.000744307319686308 0
M03 -0.123189809827014 1.01937761212219 NA 2.21601814534234e-08 0
M04 -0.17421643464665 1.03455513106918 NA 2.57928955219611e-14 0
M05 -0.00559023309522215 1.00765824624755 NA 0.000684664180069008 0
M06 -0.0640353656137976 1.05086007079897 NA 1.35324933512976e-07 0
M07 -0.116675699540568 1.01579451497671 NA 2.07038901708984e-11 0
M08 -0.115771762553638 1.10226283895938 NA 2.30471924990871e-25 0
M09 -0.0976168465676079 1.02825117271876 NA 4.85961115054046e-20 0
