target intra.RMSE intra.R2 multi.RMSE multi.R2 p.RMSE p.R2
M01 0.626718915531664 88.464696320007 0.626718915531664 88.464696320007 0.5 0.5
M02 0.572956561015398 69.3250036446335 0.572956561015398 69.3250036446335 0.5 0.5
M03 2.03667185861856 97.7386822116269 2.03667185861856 97.7386822116269 0.5 0.5
M04 1.60104419523396 87.0763405922342 1.60104419523396 87.0763405922342 0.5 0.5
M05 0.140571279251433 96.6593095173793 0.140571279251433 96.6593095173793 0.5 0.5
M06 0.862541489593795 61.2555848360914 0.862541489593795 61.2555848360914 0.5 0.5
M07 1.51180555637859 98.1111489636711 1.51180555637859 98.1111489636711 0.5 0.5
M08 0.905995010820204 73.2350936658748 0.905995010820204 73.2350936658748 0.5 0.5
M09 0.828937423914403 96.2581568858802 0.828937423914403 96.2581568858802 0.5 0.5
