target intercept intra p.intercept p.intra
M01 -0.0172724608614016 1.00770271767899 NA 0.287192004018711 0
M02 -0.0125216908074522 1.0044584014862 NA 0.29609181401875 0
M03 -0.0883085874197283 1.01004128817116 NA 0.0460893178047174 0
M04 -0.0099646712536855 1.00503095870098 NA 0.466430595868892 0
M05 -0.00216087684712669 0.997691725673405 NA 0.591345869449126 0
M06 -0.0261242191553018 1.08362571474144 NA 0.00140809182803663 0
M07 -0.0554129759593725 1.01786387565379 NA 0.0671215932577763 0
M08 -0.00685635834526172 1.00194229447816 NA 0.419758423348465 0
M09 -0.0500193712706726 1.03176186310703 NA 0.00724027233895404 0
