target intra.RMSE intra.R2 multi.RMSE multi.R2 p.RMSE p.R2
M01 0.53340281497619 91.8255774426149 0.53340281497619 91.8255774426149 0.5 0.5
M02 0.452331801929227 97.4144360401741 0.452331801929227 97.4144360401741 0.5 0.5
M03 1.64374612787338 98.7194213099241 1.64374612787338 98.7194213099241 0.5 0.5
M04 0.499452016503318 96.6920613658292 0.499452016503318 96.6920613658292 0.5 0.5
M05 0.15177210753351 93.9167077182476 0.15177210753351 93.9167077182476 0.5 0.5
M06 0.262607403076508 53.8445212161574 0.262607403076508 53.8445212161574 0.5 0.5
M07 1.04753974324629 90.7929164571525 1.04753974324629 90.7929164571525 0.5 0.5
M08 0.324139943793548 95.971248314753 0.324139943793548 95.971248314753 0.5 0.5
M09 0.555552476202241 88.0892290091739 0.555552476202241 88.0892290091739 0.5 0.5
