target intercept intra p.intercept p.intra
M01 -0.0412130867824746 1.00981014801427 NA 0.0205627627924304 0
M02 -0.0099380227808564 1.00244575649281 NA 0.241032821068723 0
M03 -0.11976475872122 1.01278248647462 NA 0.00639090203267743 0
M04 -0.0141302210901312 1.00286563310716 NA 0.460468041417367 0
M05 -0.00576144038712598 1.00273604119473 NA 0.225320323436935 0
M06 -0.0106380456083952 1.00488274571517 NA 0.176843271134032 0
M07 -0.0551047425528813 1.00716726874612 NA 0.0110512153683712 0
M08 -0.00716925105766363 1.00693764622735 NA 0.149066713237312 0
M09 -0.0537900501288156 1.0190861943148 NA 0.000525924886068314 0
