target intra.RMSE intra.R2 multi.RMSE multi.R2 p.RMSE p.R2
M01 0.851626676322496 95.3502503400858 0.851626676322496 95.3502503400858 0.5 0.5
M02 0.434609630822501 93.4263812253144 0.434609630822501 93.4263812253144 0.5 0.5
M03 2.33447437279922 97.8415430556414 2.33447437279922 97.8415430556414 0.5 0.5
M04 0.896298994951822 93.5642535566308 0.896298994951822 93.5642535566308 0.5 0.5
M05 0.256382420945307 96.5993105107856 0.256382420945307 96.5993105107856 0.5 0.5
M06 0.424732903118246 93.1676392249866 0.424732903118246 93.1676392249866 0.5 0.5
M07 1.0931093353351 97.2334377276199 1.0931093353351 97.2334377276199 0.5 0.5
M08 0.270873426723027 96.4023112424694 0.270873426723027 96.4023112424694 0.5 0.5
M09 0.681345887927983 93.7381584356354 0.681345887927983 93.7381584356354 0.5 0.5
