target intercept intra p.intercept p.intra
M01 -0.022833534019257 1.01467082217637 NA 0.0330124269413046 0
M02 -0.0410056388192458 1.01300483406968 NA 0.00117465954286374 0
M03 -0.0707523002837074 1.01758570224465 NA 0.00139372023342099 0
M04 -0.0463310510348661 1.02221627017136 NA 0.00182399495789618 0
M05 -0.00276129050773148 1.0039128808226 NA 0.351303861546943 0
M06 -0.0188261373850642 1.02381042793203 NA 0.102805925610235 6.68390210175874e-284
M07 -0.0531559932079865 1.00671586292573 NA 0.0611451680760038 0
M08 -0.176773046523175 1.05965689856316 NA 6.66323866323394e-06 0
M09 -0.0781177623402612 1.01272953034659 NA 0.0169612285487965 0
