target intra.RMSE intra.R2 multi.RMSE multi.R2 p.RMSE p.R2
M01 0.406265160737526 92.7107193926746 0.406265160737526 92.7107193926746 0.5 0.5
M02 0.543018361552911 96.8893833662504 0.543018361552911 96.8893833662504 0.5 0.5
M03 1.02332385108353 95.1868575690164 1.02332385108353 95.1868575690164 0.5 0.5
M04 0.496392969962268 86.8979286415804 0.496392969962268 86.8979286415804 0.5 0.5
M05 0.122380586006468 92.1952434494652 0.122380586006468 92.1952434494652 0.5 0.5
M06 0.355895236844119 31.494086383674 0.355895236844119 31.494086383674 0.5 0.5
M07 1.1084620117943 94.76079126109 1.1084620117943 94.76079126109 0.5 0.5
M08 1.4265108544872 74.0646239221303 1.4265108544872 74.0646239221303 0.5 0.5
M09 1.1954125358237 95.3404475350344 1.1954125358237 95.3404475350344 0.5 0.5
