target intercept intra p.intercept p.intra
M01 -0.041130099584024 1.03821126355613 NA 0.000112020128407231 0
M02 -0.046024826235268 1.0652284615168 NA 2.94574075541326e-08 0
M03 -0.421691071361197 1.02056014848389 NA 7.82713297063058e-07 0
M04 -0.0187025365709303 1.02634230865921 NA 0.00285207106937318 0
M05 -0.00705362512172425 1.00792122205897 NA 0.0121019452125065 0
M06 -0.0472106363492292 1.0757294214375 NA 2.98236182588523e-09 0
M07 -0.0674471115197099 1.0171834222479 NA 5.98706628148846e-06 0
M08 -0.0722187096421422 1.09325998086091 NA 1.92521943571262e-08 0
M09 -0.0688588159579701 1.02923942415938 NA 0.00120703748248717 0
