target intra.RMSE intra.R2 multi.RMSE multi.R2 p.RMSE p.R2
M01 0.480012665468348 73.4671708728146 0.480012665468348 73.4671708728146 0.5 0.5
M02 0.352556204976025 71.3598977427339 0.352556204976025 71.3598977427339 0.5 0.5
M03 5.16209733195361 99.1008366827719 5.16209733195361 99.1008366827719 0.5 0.5
M04 0.224957272492397 72.0320435180742 0.224957272492397 72.0320435180742 0.5 0.5
M05 0.167115278464654 97.2344667069866 0.167115278464654 97.2344667069866 0.5 0.5
M06 0.417553825709292 74.9628964596446 0.417553825709292 74.9628964596446 0.5 0.5
M07 0.866719418248194 98.6960247219571 0.866719418248194 98.6960247219571 0.5 0.5
M08 0.511741640967322 51.7402578843853 0.511741640967322 51.7402578843853 0.5 0.5
M09 0.882835397669477 74.4101537572554 0.882835397669477 74.4101537572554 0.5 0.5
