target intercept intra p.intercept p.intra
M01 -0.0553677188688733 1.01133838054024 NA 0.00911671281406101 0
M02 -0.0148862176225441 1.05588107457864 NA 5.22948915967006e-05 0
M03 -0.139237845729167 1.01216562175836 NA 6.44605979118156e-09 0
M04 -0.0130918020930118 1.0559967060577 NA 4.54572019060805e-06 0
M05 -0.00492338117935711 1.00457506379678 NA 0.155457904313429 0
M06 -0.00355924071805294 1.01798049196013 NA 0.0688963907688454 0
M07 -0.0151598153257266 1.00430937071782 NA 0.0837554359550451 0
M08 -0.0199105944126289 1.00864872026615 NA 0.07819061975091 0
M09 -0.0196865134648157 1.00938259979063 NA 0.0277202049893847 0
