target intra.RMSE intra.R2 multi.RMSE multi.R2 p.RMSE p.R2
M01 1.09028299230564 97.626664509263 1.09028299230564 97.626664509263 0.5 0.5
M02 0.156442459575607 71.3928099557825 0.156442459575607 71.3928099557825 0.5 0.5
M03 1.17667269786005 99.3959650024045 1.17667269786005 99.3959650024045 0.5 0.5
M04 0.112781991250435 72.4523825955467 0.112781991250435 72.4523825955467 0.5 0.5
M05 0.176554607875581 93.0475065472601 0.176554607875581 93.0475065472601 0.5 0.5
M06 0.0806017438991443 55.9141051018573 0.0806017438991443 55.9141051018573 0.5 0.5
M07 0.401906934718073 96.3945747628668 0.401906934718073 96.3945747628668 0.5 0.5
M08 0.572886307704635 95.7480532738495 0.572886307704635 95.7480532738495 0.5 0.5
M09 0.42688665616805 97.1651800232224 0.42688665616805 97.1651800232224 0.5 0.5
