target intercept intra p.intercept p.intra
M01 0.00135907775554823 0.982452455682173 NA 0.962155880928549 0
M02 -0.00558407030366906 1.0009586656299 NA 0.825609798302915 0
M03 -1.07060995183201 1.04002791336251 NA 0.00892747637480453 0
M04 -0.0177626149496863 1.00833735549957 NA 0.379099177766757 0
M05 6.04137270018746e-05 0.964831907233262 NA 0.983118526615814 0
M06 -0.0268859401748195 1.00426967969818 NA 0.406496967234953 0
M07 -0.0778724537718706 1.02442343751375 NA 0.125603951217741 0
M08 0.000748196595308901 0.972484540935092 NA 0.931235707103449 0
M09 -0.0646396949223305 1.03605116048629 NA 0.103544753191509 0
