target intra.RMSE intra.R2 multi.RMSE multi.R2 p.RMSE p.R2
M01 0.879760927288762 78.3361303510734 0.879760927288762 78.3361303510734 0.5 0.5
M02 0.83568686639782 73.3815015848689 0.83568686639782 73.3815015848689 0.5 0.5
M03 14.3560087384744 96.6159993630699 14.3560087384744 96.6159993630699 0.5 0.5
M04 0.639778504267297 92.0773493463553 0.639778504267297 92.0773493463553 0.5 0.5
M05 0.0905480538195365 66.5582506672491 0.0905480538195365 66.5582506672491 0.5 0.5
M06 0.498807538867048 94.272914575743 0.498807538867048 94.272914575743 0.5 0.5
M07 1.71178543342261 96.9845820142945 1.71178543342261 96.9845820142945 0.5 0.5
M08 0.291820230137503 70.9402133685508 0.291820230137503 70.9402133685508 0.5 0.5
M09 1.36958260594877 91.7299643128185 1.36958260594877 91.7299643128185 0.5 0.5
