target intercept intra p.intercept p.intra
M01 -0.172800963785577 1.23756369638002 NA 2.28037582200792e-41 0
M02 -0.00388629774316689 0.998254742914799 NA 0.596042815650589 0
M03 -0.147975403886228 1.00913116549914 NA 0.0206405964667086 0
M04 -0.0208578007799651 1.02058129563925 NA 0.0626217677918655 0
M05 -0.00773115948673038 1.00595858001982 NA 0.0380005031846351 0
M06 -0.0237147078957531 1.04798915498832 NA 0.123149112611526 0
M07 -0.0308367785328372 1.00773445863585 NA 0.0246668624959643 0
M08 0.00113349513909292 0.95276293919997 NA 0.70918461180938 0
M09 -0.0242569339761464 1.01180359606588 NA 0.0182758899127462 0
