target intra.RMSE intra.R2 multi.RMSE multi.R2 p.RMSE p.R2
M01 0.57559373261242 82.6580008146819 0.57559373261242 82.6580008146819 0.5 0.5
M02 0.3080062456854 77.4859323498692 0.3080062456854 77.4859323498692 0.5 0.5
M03 3.34488130150818 99.3263587499531 3.34488130150818 99.3263587499531 0.5 0.5
M04 0.499920470711056 80.5890607947103 0.499920470711056 80.5890607947103 0.5 0.5
M05 0.195380472952233 99.1425099619817 0.195380472952233 99.1425099619817 0.5 0.5
M06 0.704102812919652 36.7954393439947 0.704102812919652 36.7954393439947 0.5 0.5
M07 0.704879098678938 99.2276631485801 0.704879098678938 99.2276631485801 0.5 0.5
M08 0.13153994748133 36.2601797545249 0.13153994748133 36.2601797545249 0.5 0.5
M09 0.451940610061224 97.4329363269493 0.451940610061224 97.4329363269493 0.5 0.5
