target intercept intra p.intercept p.intra
M01 -0.0546206606901302 1.04325105681284 NA 0.0123396796988834 0
M02 0.00157758300200747 0.990769672019485 NA 0.955452868285307 5.22308353346296e-181
M03 -0.283404629348008 1.04133033439622 NA 0.0456274635180113 1.13243607338985e-244
M04 -0.102556298124652 1.0273102925074 NA 0.0839601913975802 1.06718179501709e-321
M05 -0.00565127848784399 1.00667087292023 NA 0.404021478417995 4.81215553107507e-281
M06 -0.168897076126011 1.03509274173984 NA 0.0206225743687147 0
M07 -0.187875199332397 1.03666855258168 NA 0.00501929625858056 0
M08 0.00953998387282495 0.889173987268286 NA 0.331336146596271 2.1861394327395e-34
M09 -0.109000447544726 1.03876439990351 NA 0.0224645560479271 0
