target intra.RMSE intra.R2 multi.RMSE multi.R2 p.RMSE p.R2
M01 0.368983018823047 92.2891405204827 0.368983018823047 92.2891405204827 0.5 0.5
M02 0.374390229533474 72.104083306643 0.374390229533474 72.104083306643 0.5 0.5
M03 2.29998182568732 82.5332758872445 2.29998182568732 82.5332758872445 0.5 0.5
M04 0.788255595758021 89.9267419433448 0.788255595758021 89.9267419433448 0.5 0.5
M05 0.139383758989715 86.5032783005651 0.139383758989715 86.5032783005651 0.5 0.5
M06 1.29446989033116 92.0598974643822 1.29446989033116 92.0598974643822 0.5 0.5
M07 0.981570938813336 92.9194973620173 0.981570938813336 92.9194973620173 0.5 0.5
M08 0.1355245229631 20.8407960562867 0.1355245229631 20.8407960562867 0.5 0.5
M09 0.669257896092345 89.7710764942199 0.669257896092345 89.7710764942199 0.5 0.5
