target intercept intra p.intercept p.intra
M01 -0.0138473683142351 1.00177036755869 NA 0.471243078546205 0
M02 -0.00334826508073387 0.998215957642361 NA 0.342408142612318 0
M03 -0.0547724632340507 1.00214370838502 NA 0.00970914250835232 0
M04 -0.0231146766754949 1.0482728167071 NA 2.05058489192191e-11 0
M05 -0.00242843519044376 1.00037113598859 NA 0.246594248246865 0
M06 -0.00653058348499406 1.00059162359122 NA 0.147397974533455 0
M07 -0.0142359714032812 1.0013504877084 NA 0.0897654048424887 0
M08 -0.0116688666812046 1.05922794654181 NA 2.87591786909224e-11 0
M09 -0.0354195500864755 1.01034386108831 NA 2.30730533085099e-05 0
