target intra.RMSE intra.R2 multi.RMSE multi.R2 p.RMSE p.R2
M01 1.61287385347225 98.8224357466168 1.61287385347225 98.8224357466168 0.5 0.5
M02 0.243317352197364 86.6345362538484 0.243317352197364 86.6345362538484 0.5 0.5
M03 1.78750464593371 99.6179420098748 1.78750464593371 99.6179420098748 0.5 0.5
M04 0.185676588973346 67.290509234459 0.185676588973346 67.290509234459 0.5 0.5
M05 0.173107029429715 98.6207322032983 0.173107029429715 98.6207322032983 0.5 0.5
M06 0.284429355168225 44.9879616851204 0.284429355168225 44.9879616851204 0.5 0.5
M07 0.6897922365174 99.3516957320201 0.6897922365174 99.3516957320201 0.5 0.5
M08 0.121426784252039 64.4220495641868 0.121426784252039 64.4220495641868 0.5 0.5
M09 0.614370690707152 96.8473857887807 0.614370690707152 96.8473857887807 0.5 0.5
