target intercept intra p.intercept p.intra
M01 -0.13987005203878 1.01594559868307 NA 0.000902862536763092 0
M02 -0.0415369856944778 1.01856478336913 NA 0.00978077500127898 0
M03 -0.116456243479932 1.01476183714572 NA 0.00156179154081366 0
M04 -0.0291182105331797 1.02832526938389 NA 0.0518026779339086 0
M05 -0.00720026265103977 1.01745559932468 NA 0.0814386235837667 0
M06 -0.01501428437813 1.01941386882903 NA 0.037114554467884 0
M07 -0.120095991399852 1.01651558512065 NA 0.0820186528879065 0
M08 -0.0181584421221071 1.06281980160386 NA 0.06262629663024 2.58919337949844e-255
M09 -0.0410534038110567 1.01475796367463 NA 0.129829910299461 0
