target intra.RMSE intra.R2 multi.RMSE multi.R2 p.RMSE p.R2
M01 1.08364169447199 97.7430052402065 1.08364169447199 97.7430052402065 0.5 0.5
M02 0.479766002621455 97.2939879064453 0.479766002621455 97.2939879064453 0.5 0.5
M03 0.980390089073775 97.4049512888628 0.980390089073775 97.4049512888628 0.5 0.5
M04 0.449679948527043 88.8095166055976 0.449679948527043 88.8095166055976 0.5 0.5
M05 0.113981427861111 90.2390128839184 0.113981427861111 90.2390128839184 0.5 0.5
M06 0.232642443305285 94.6360954535019 0.232642443305285 94.6360954535019 0.5 0.5
M07 1.82046499388879 93.6394523663497 1.82046499388879 93.6394523663497 0.5 0.5
M08 0.296892827009971 52.6469714224317 0.296892827009971 52.6469714224317 0.5 0.5
M09 0.692827059729189 93.7927679190725 0.692827059729189 93.7927679190725 0.5 0.5
