target intercept intra p.intercept p.intra
M01 -0.0527213363122367 1.0060351392381 NA 0.024834368054962 0
M02 -0.020383802492916 1.00901145579078 NA 0.0209974177478719 0
M03 -0.0439791463050225 1.00784627946097 NA 0.00288949784073154 0
M04 -0.0114755418492785 1.01655838837754 NA 0.105788523637999 0
M05 0.000246968689827113 0.993165712337038 NA 0.936917345512194 0
M06 -0.00820158718173765 1.04668087700852 NA 0.0389937076581728 0
M07 -0.0755410967689857 1.01366176286976 NA 0.000501010355378428 0
M08 -0.0091045537525795 1.00981376849787 NA 0.287656118674294 0
M09 -0.0150617098543302 1.00562030103647 NA 0.110562290826474 0
