target intra.RMSE intra.R2 multi.RMSE multi.R2 p.RMSE p.R2
M01 0.965004761352336 98.1914626142235 0.965004761352336 98.1914626142235 0.5 0.5
M02 0.3171060024042 96.8783727997403 0.3171060024042 96.8783727997403 0.5 0.5
M03 0.587952499341056 98.6818219439479 0.587952499341056 98.6818219439479 0.5 0.5
M04 0.176569230173073 70.2198276152768 0.176569230173073 70.2198276152768 0.5 0.5
M05 0.131160675318847 87.0271309486482 0.131160675318847 87.0271309486482 0.5 0.5
M06 0.0944902801223131 36.3105909075604 0.0944902801223131 36.3105909075604 0.5 0.5
M07 0.81710585015914 96.1824775452054 0.81710585015914 96.1824775452054 0.5 0.5
M08 0.342630259133815 90.8707572154907 0.342630259133815 90.8707572154907 0.5 0.5
M09 0.365077557215009 97.0438387955875 0.365077557215009 97.0438387955875 0.5 0.5
