target intercept intra p.intercept p.intra
M01 -0.0501215803133487 1.05000778304203 NA 1.88291251676226e-09 0
M02 -0.0106043637947467 1.0012926209209 NA 0.257658893395999 0
M03 -0.471915205433133 1.11221961062604 NA 9.64568737626307e-23 0
M04 -0.0716483659654613 1.01885826106716 NA 0.000145706640410867 0
M05 -0.00481787080041508 1.00333090242228 NA 0.130765116576473 0
M06 -0.135912998721384 1.11221141288545 NA 8.73128894468263e-10 0
M07 -0.098587658016447 1.03547334489565 NA 1.23320307197354e-10 0
M08 -1.36123868986599e-05 0.962217409360433 NA 0.997935490696141 0
M09 -0.0709894754591776 1.02155549828082 NA 5.55207993961229e-07 0
