target intra.RMSE intra.R2 multi.RMSE multi.R2 p.RMSE p.R2
M01 0.319975881873204 80.4905047791514 0.319975881873204 80.4905047791514 0.5 0.5
M02 0.393827318959271 85.3725250567265 0.393827318959271 85.3725250567265 0.5 0.5
M03 2.97491887987177 86.7154973069664 2.97491887987177 86.7154973069664 0.5 0.5
M04 0.864550405508522 88.3076310884684 0.864550405508522 88.3076310884684 0.5 0.5
M05 0.139399360082821 84.1765580897099 0.139399360082821 84.1765580897099 0.5 0.5
M06 1.19830436963364 59.2587632063687 1.19830436963364 59.2587632063687 0.5 0.5
M07 0.641690555231175 90.0209564584893 0.641690555231175 90.0209564584893 0.5 0.5
M08 0.262469880303474 38.6942509095957 0.262469880303474 38.6942509095957 0.5 0.5
M09 0.531690364609284 92.8283407201115 0.531690364609284 92.8283407201115 0.5 0.5
