target intercept intra p.intercept p.intra
M01 -0.00788742047019005 1.00440311241319 NA 0.549289816934812 0
M02 -0.00418548468469442 0.994393343968293 NA 0.761208336087067 0
M03 -0.255783817511925 1.02295229259029 NA 3.10101674804382e-05 0
M04 -0.0840000393314008 1.10048871136929 NA 7.23003062238592e-09 0
M05 0.000474137774962702 0.988113865398889 NA 0.894334619928185 0
M06 -0.00296787307042578 0.995141998240741 NA 0.575969837870605 0
M07 -0.0541238453600828 1.03384614801984 NA 0.00117631938604687 0
M08 -0.0182067875764595 1.05603754409253 NA 0.000493742900080554 0
M09 -0.0397287360233717 1.01966002133665 NA 0.0039592588799718 0
