target intra.RMSE intra.R2 multi.RMSE multi.R2 p.RMSE p.R2
M01 0.348639493789834 76.5523249644455 0.348639493789834 76.5523249644455 0.5 0.5
M02 0.395543555521194 51.1243922653727 0.395543555521194 51.1243922653727 0.5 0.5
M03 1.92189396286445 94.0171773933403 1.92189396286445 94.0171773933403 0.5 0.5
M04 0.629364016909264 80.9550715827823 0.629364016909264 80.9550715827823 0.5 0.5
M05 0.103909210817047 71.4948007625547 0.103909210817047 71.4948007625547 0.5 0.5
M06 0.213948051297561 61.4470857765866 0.213948051297561 61.4470857765866 0.5 0.5
M07 0.418355398298521 80.5178350917772 0.418355398298521 80.5178350917772 0.5 0.5
M08 0.16159004496042 68.7493605761197 0.16159004496042 68.7493605761197 0.5 0.5
M09 0.303513749418409 89.3614559103397 0.303513749418409 89.3614559103397 0.5 0.5
