target intercept intra p.intercept p.intra
M01 -0.0241371577503774 1.02160607744352 NA 0.00112259591632964 0
M02 -0.0152517643841378 1.01255069099693 NA 0.10105275847936 0
M03 -0.773377114038659 1.04956222291996 NA 3.41800531717568e-09 0
M04 -0.0474351175864628 1.02754421241442 NA 0.000525629009333973 0
M05 -0.00378436594152345 1.00376068695089 NA 0.224675459449144 0
M06 -0.0392071340091152 1.04302427062002 NA 0.00153847329233231 0
M07 -0.0453777545726853 1.01608073496329 NA 0.00130613596278084 0
M08 -0.0102486059063017 1.02136177381805 NA 0.111497723125522 0
M09 -0.0857412015444949 1.02633286361159 NA 8.98873434199273e-08 0
