target intra.RMSE intra.R2 multi.RMSE multi.R2 p.RMSE p.R2
M01 0.329203161225808 89.7669508799549 0.329203161225808 89.7669508799549 0.5 0.5
M02 0.376547542708265 82.642436123365 0.376547542708265 82.642436123365 0.5 0.5
M03 6.01152844669699 88.7938894182682 6.01152844669699 88.7938894182682 0.5 0.5
M04 0.648872843691972 85.3903456452346 0.648872843691972 85.3903456452346 0.5 0.5
M05 0.128111043889817 81.3406877557523 0.128111043889817 81.3406877557523 0.5 0.5
M06 0.689752292014941 84.7636694264453 0.689752292014941 84.7636694264453 0.5 0.5
M07 0.65728040812922 94.5004284566533 0.65728040812922 94.5004284566533 0.5 0.5
M08 0.337765997119737 73.3445642384413 0.337765997119737 73.3445642384413 0.5 0.5
M09 0.739322339755208 95.2221652430483 0.739322339755208 95.2221652430483 0.5 0.5
