target intercept intra p.intercept p.intra
M01 -0.108655788119027 1.04952828592729 NA 1.68430289863759e-05 0
M02 -0.0888432452547037 1.0370125303285 NA 0.0850404745374458 1.27384112697054e-287
M03 -0.612623720029102 1.05463940447235 NA 2.99548128618044e-10 0
M04 -0.0117375830004207 1.00661690489521 NA 0.863308838190622 1.28465491473826e-86
M05 -0.00349747141685985 1.00026062339882 NA 0.776359203365854 2.78147996563906e-207
M06 -0.0433169858107914 1.12848969142258 NA 0.00665516751005804 4.61301102845748e-120
M07 -0.243411236618586 1.05335077643673 NA 0.0203467344834373 7.23672343767441e-256
M08 -0.0225304563237294 1.03757693086009 NA 0.271914247334938 1.94140143810401e-192
M09 -0.157036242885583 1.06427718708134 NA 0.0131842049140913 6.43162714133867e-217
