target intra.RMSE intra.R2 multi.RMSE multi.R2 p.RMSE p.R2
M01 0.333399461350589 90.4905097099543 0.333399461350589 90.4905097099543 0.5 0.5
M02 0.491015170061978 72.8716244130148 0.491015170061978 72.8716244130148 0.5 0.5
M03 1.09985350458935 93.9278044572644 1.09985350458935 93.9278044572644 0.5 0.5
M04 0.362774419489377 31.9447259163062 0.362774419489377 31.9447259163062 0.5 0.5
M05 0.161082614957411 60.4118346650672 0.161082614957411 60.4118346650672 0.5 0.5
M06 0.19766022248332 43.4621743072465 0.19766022248332 43.4621743072465 0.5 0.5
M07 1.01087416291581 67.6787025144002 1.01087416291581 67.6787025144002 0.5 0.5
M08 0.441097144085413 57.5272904763457 0.441097144085413 57.5272904763457 0.5 0.5
M09 0.553255250262082 61.7251599169523 0.553255250262082 61.7251599169523 0.5 0.5
