target intercept intra p.intercept p.intra
M01 -0.238395816792353 1.06850730617485 NA 1.04068300480219e-19 0
M02 -0.019027986008559 1.05608538818793 NA 7.00294716582481e-05 0
M03 -0.351342588868569 1.04511941981527 NA 7.96361890703019e-22 0
M04 -0.0312373073311748 1.09775560620156 NA 3.3608898426731e-12 0
M05 0.00129800378506519 0.967596205415104 NA 0.571490944869959 0
M06 -0.00328850514266844 1.01781944193878 NA 0.169032484694872 0
M07 -0.0541917627359233 1.05613359449869 NA 2.48656178947235e-06 0
M08 -0.0322071236129121 1.0303468090009 NA 0.00121835913575418 0
M09 -0.0973114231424909 1.0865504918764 NA 4.22923170685096e-18 0
