target intra.RMSE intra.R2 multi.RMSE multi.R2 p.RMSE p.R2
M01 0.769874453638461 85.0276863206779 0.769874453638461 85.0276863206779 0.5 0.5
M02 0.257796000394916 76.4521855059658 0.257796000394916 76.4521855059658 0.5 0.5
M03 1.02192507989483 93.1503434578321 1.02192507989483 93.1503434578321 0.5 0.5
M04 0.256374364106713 86.2273076595387 0.256374364106713 86.2273076595387 0.5 0.5
M05 0.0772928452032512 44.6995708590253 0.0772928452032512 44.6995708590253 0.5 0.5
M06 0.127794704941637 65.4311307138524 0.127794704941637 65.4311307138524 0.5 0.5
M07 0.423442629503809 65.8687486593159 0.423442629503809 65.8687486593159 0.5 0.5
M08 0.352041395275664 74.9107798925066 0.352041395275664 74.9107798925066 0.5 0.5
M09 0.488454198551686 78.1565223064431 0.488454198551686 78.1565223064431 0.5 0.5
