target intercept intra p.intercept p.intra
M01 -0.0388942744254276 1.02566685826096 NA 0.00145000081369767 0
M02 -0.0494106796359113 1.06245884481502 NA 1.31062268108763e-07 0
M03 -0.615945938616913 1.03807475714732 NA 5.6996166407797e-14 0
M04 -0.0314873629872213 1.03307907631647 NA 0.000463487054119015 0
M05 0.0037103331829276 0.936878877896562 NA 0.124276084002369 0
M06 -0.0532294173890341 1.08124686051307 NA 1.03068409767536e-07 0
M07 -0.103979412966282 1.03814030527736 NA 1.75226007747857e-07 0
M08 -0.00515722655735236 0.989379472292682 NA 0.233593680152432 5.42845617084903e-308
M09 -0.0878231162662688 1.07325601127524 NA 6.64680157095414e-12 0
