target intra.RMSE intra.R2 multi.RMSE multi.R2 p.RMSE p.R2
M01 0.676560052276306 88.9450346566632 0.676560052276306 88.9450346566632 0.5 0.5
M02 0.413759969038528 68.7709389459958 0.413759969038528 68.7709389459958 0.5 0.5
M03 4.9731786580216 97.7041926738913 4.9731786580216 97.7041926738913 0.5 0.5
M04 0.370276736136555 75.1586951493832 0.370276736136555 75.1586951493832 0.5 0.5
M05 0.0957570830440977 32.5971181861823 0.0957570830440977 32.5971181861823 0.5 0.5
M06 0.473668459244102 60.0017525157411 0.473668459244102 60.0017525157411 0.5 0.5
M07 1.1453401502326 93.1177838758158 1.1453401502326 93.1177838758158 0.5 0.5
M08 0.216248688166753 25.6177077013553 0.216248688166753 25.6177077013553 0.5 0.5
M09 0.485367494705182 72.298245738174 0.485367494705182 72.298245738174 0.5 0.5
